"ID"	"Progress"	"Duration (in seconds)"	"Finished"	"class"	"teach"	"Q4_1"	"Q4_2"	"Q4_3"	"Q4_4"	"Q4_5"	"Q4_6"	"Q4_7"	"Q4_8"	"Q4_9"	"Q4_10"	"Q4_11"	"Q4_12"	"Q4_13"	"Q4_14"	"Q4_15"	"Q4_16"	"Q4_17"	"Q4_18"	"Q4_19"	"Q5_1"	"Q5_2"	"Q5_3"	"Q5_4"	"Q5_5"	"Q5_6"	"Q5_7"	"Q5_8"	"Q5_9"	"Q5_10"	"Q5_11"	"Q5_12"	"Q6_1"	"Q6_2"	"Q6_3"	"Q6_4"	"Q6_5"	"Q6_6"	"Q6_7"	"Q6_8"	"Q6_9"	"Q6_10"	"Q6_11"	"Q7_1"	"Q7_2"	"Q7_3"	"Q7_4"	"Q7_5"	"Q7_6"	"Q7_7"	"Q7_8"	"Q7_9"	"Q7_10"	"Q7_11"	"Q7_12"	"Q7_13"	"Q7_14"	"Q7_15"	"version"	"random.split"
2	71	135	0	1	1	3	3	3	3	2	1	4	2	3	2	2	1	1	1	1	2	1	2	2	2	2	3	1	4	3	2	2	1	2	2	2	2	2	2	2	2	2	2	2	3	3	3	3	3	4	3	3	3	4	3	3	2	3	4	4	4	3	1.4	1
3	43	10	0	1	2	2	2	2	3	2	3	4	2	2	3	2	2	1	2	2	2	2	2	2	2	3	2	4	4	3	3	3	2	3	2	3	1	2	2	2	2	2	2	2	2	3	3	2	3	4	3	3	3	4	3	2	2	3	3	3	4	2	1.4	1
5	57	159	0	1	1	3	2	3	3	3	3	4	3	3	3	3	3	3	3	2	3	3	3	3	3	3	3	4	4	3	3	3	3	3	3	3	2	2	2	2	2	2	2	2	3	3	3	3	3	4	3	3	3	4	3	3	2	3	4	4	4	3	1.4	1
6	43	667	0	1	2	2	2	2	3	2	3	4	2	2	3	2	2	1	2	2	2	2	2	2	2	3	2	4	4	3	3	3	2	3	2	3	1	2	2	2	2	2	2	2	2	3	3	2	3	4	3	3	3	4	3	2	2	3	3	3	4	2	1.4	1
8	100	245	1	1	1	2	3	3	2	2	4	4	2	1	2	2	1	1	3	2	3	1	3	1	3	3	1	2	2	1	4	1	2	2	2	2	1	2	2	1	4	1	2	2	1	5	1	1	1	2	2	1	4	4	1	3	1	2	2	3	2	2	1	1
9	100	516	1	1	1	1	1	2	2	2	2	1	1	1	1	1	1	1	1	1	1	1	1	1	1	1	1	3	1	1	1	1	1	1	1	1	1	1	1	1	1	1	1	1	1	1	1	1	1	1	1	1	1	1	1	1	1	1	1	1	1	1	1	1
12	100	650	1	1	2	2	2	3	2	1	3	4	1	1	2	1	1	1	3	2	2	1	2	2	2	2	1	4	4	4	1	4	2	2	2	4	1	1	1	1	3	1	1	1	1	1	3	1	2	4	3	2	3	4	2	2	1	3	3	2	4	2	1	1
14	100	561	1	2	2	2	2	2	3	2	2	4	2	3	2	3	2	2	2	3	3	3	2	3	2	4	3	3	3	3	3	3	2	2	2	2	2	2	1	1	1	1	1	2	2	2	2	2	3	4	3	4	3	4	4	1	1	4	4	3	2	2	1	1
15	100	170	1	1	1	1	1	1	1	1	1	1	1	1	1	1	1	1	1	1	1	1	1	1	1	1	1	1	1	1	1	1	1	1	1	1	1	1	1	1	1	1	1	1	1	1	1	1	1	1	1	1	1	1	1	1	1	1	1	1	1	1	1	1
16	100	602	1	2	2	3	3	2	3	3	2	3	3	3	3	3	2	2	3	3	1	1	3	4	3	1	3	3	3	3	1	3	3	3	3	3	1	2	2	2	1	1	3	2	2	3	3	2	4	4	2	3	3	3	3	3	3	3	3	2	5	2	1	1
19	100	408	1	1	1	1	1	1	1	1	1	1	1	2	1	1	2	2	1	1	1	1	1	1	2	1	1	1	1	1	2	1	1	1	1	1	1	1	1	1	1	2	2	2	4	1	1	2	3	3	2	4	2	4	2	1	1	2	4	3	2	1	1	1
21	100	217	1	1	1	2	2	3	2	2	2	2	2	4	3	2	3	1	2	2	3	1	2	3	2	1	2	1	2	1	2	2	4	3	3	1	1	2	2	2	1	1	1	2	2	3	3	2	3	4	2	2	3	3	2	2	2	4	3	3	3	2	1	1
24	100	226	1	1	1	2	3	3	2	2	2	4	3	2	1	1	1	1	2	2	2	1	3	2	2	3	1	1	1	1	1	1	1	1	2	1	1	1	1	1	1	1	1	1	3	3	2	2	2	1	3	1	2	1	1	1	2	2	2	2	2	2	1	1
26	100	265	1	1	2	2	1	3	2	2	3	4	2	2	2	1	1	1	3	2	3	1	3	2	3	3	4	4	3	3	1	2	2	1	3	3	1	1	1	1	4	1	1	1	2	3	1	2	2	4	3	2	2	4	2	1	1	2	3	3	3	1	1	1
29	100	543	1	1	1	3	3	4	3	3	3	3	2	4	3	3	2	2	3	3	3	2	3	2	3	4	4	4	4	3	3	4	4	4	4	4	2	2	3	3	3	3	3	3	4	2	3	4	4	4	3	3	4	5	3	3	4	3	4	4	4	4	1	1
31	100	333	1	1	1	3	2	3	3	2	4	4	2	2	3	1	4	3	5	3	1	1	3	3	3	4	4	4	4	4	3	4	4	2	5	2	1	3	2	3	1	2	2	1	5	2	2	2	2	4	3	2	4	5	2	1	1	2	4	5	5	2	1	1
32	100	355	1	1	1	1	1	1	1	1	2	3	1	3	1	1	1	1	1	1	1	3	1	1	1	2	1	4	4	3	2	1	1	1	2	3	1	1	1	3	1	1	1	1	1	3	1	1	3	3	2	1	3	3	3	1	1	3	3	4	3	1	1	1
33	100	605	1	1	1	3	2	3	3	2	2	4	2	3	3	3	4	1	4	2	2	2	3	2	2	4	3	4	4	4	3	4	3	3	4	4	2	2	1	2	4	2	2	2	4	4	3	3	3	4	3	3	3	4	3	3	2	3	4	4	4	3	1	1
34	100	332	1	1	1	3	3	3	3	2	3	3	3	2	3	3	3	2	3	3	3	2	3	3	2	3	3	3	3	3	3	3	3	3	4	3	4	4	4	4	2	2	3	4	4	4	4	4	3	5	3	3	3	5	3	3	3	3	5	5	5	3	1	1
39	100	180	1	1	2	4	1	1	1	1	2	2	2	2	1	2	1	1	3	3	3	3	2	1	1	3	3	2	3	3	2	2	1	1	1	1	2	2	2	2	2	1	1	1	1	1	2	1	1	1	2	1	1	2	3	1	1	1	1	1	1	1	1	1
41	100	208	1	1	2	2	2	3	3	2	4	5	2	2	3	3	1	1	2	2	4	2	2	2	4	4	2	4	4	4	3	2	3	3	3	3	1	2	4	2	2	1	2	2	2	2	3	2	3	4	4	3	4	5	3	3	3	3	3	3	3	3	1	1
43	100	232	1	1	2	2	2	3	2	2	3	5	2	2	3	1	1	1	1	1	1	1	2	2	3	2	2	5	5	3	3	3	4	4	2	2	1	4	1	3	1	1	1	4	2	3	3	2	2	3	2	2	2	2	2	3	1	2	5	3	3	3	1	1
46	100	394	1	1	2	2	2	2	2	2	2	2	2	2	3	4	3	1	3	2	2	2	2	3	2	2	4	2	2	2	2	2	2	2	2	2	1	3	1	2	4	1	2	2	3	1	2	2	2	2	2	2	2	2	2	2	2	2	2	2	2	2	1	1
47	100	343	1	1	2	1	1	1	1	1	1	4	1	2	1	1	1	1	2	2	1	1	1	2	3	1	4	4	4	3	2	4	2	3	2	3	1	1	3	2	1	1	3	1	1	3	2	1	3	3	2	3	3	3	3	1	1	3	4	2	5	1	1	1
49	100	1079	1	1	2	1	2	1	1	1	2	2	1	2	3	1	1	1	2	2	1	1	2	2	2	1	1	4	2	2	4	2	4	2	1	4	1	2	3	1	3	1	3	1	1	3	2	1	1	1	2	3	1	1	1	1	1	1	1	2	1	2	1	1
52	100	330	1	1	1	2	2	2	2	2	2	4	2	2	2	1	1	1	2	1	2	1	2	1	1	2	1	4	4	2	1	4	1	3	2	3	1	1	1	1	1	1	1	1	1	2	1	1	1	1	1	1	4	2	3	1	1	1	3	4	4	1	1	1
53	100	346	1	1	2	1	1	2	1	3	1	3	1	1	3	1	1	1	3	2	2	1	2	2	2	4	4	5	4	3	3	4	2	3	2	1	1	1	1	1	1	1	1	1	1	2	2	1	1	4	2	2	3	4	2	1	1	2	4	3	4	3	1	1
54	100	97	1	1	2	1	1	1	1	1	1	1	1	1	1	1	1	1	1	1	1	1	1	1	1	1	1	1	1	1	1	4	1	1	1	1	1	1	1	1	1	1	1	1	1	1	1	1	1	1	1	1	2	1	2	1	3	1	2	1	2	1	1	1
55	100	245	1	1	1	1	1	1	1	1	1	1	1	1	1	1	1	1	1	1	1	1	1	1	1	2	2	2	2	1	1	1	1	1	1	1	1	1	1	1	1	1	1	1	1	1	1	1	1	2	1	1	1	1	1	1	1	1	1	1	1	1	1	1
56	100	260	1	1	1	1	1	1	2	2	3	4	2	2	2	2	3	2	2	2	2	2	2	2	2	2	1	2	2	2	3	2	3	3	3	2	1	1	1	1	1	1	2	1	2	2	2	2	2	2	2	2	2	2	2	1	2	2	3	3	2	2	1	1
58	100	446	1	1	1	2	1	2	3	3	4	5	3	3	3	2	3	1	2	3	1	1	1	1	3	5	5	5	5	3	2	4	4	2	2	2	2	2	2	3	4	2	2	2	4	4	5	3	4	5	2	2	2	3	2	2	2	2	4	4	5	1	1	1
59	100	152	1	1	2	1	1	1	1	1	1	1	1	1	1	1	1	1	1	1	1	1	1	1	1	4	4	4	3	2	2	1	1	1	4	1	1	1	3	1	1	1	1	1	1	1	1	1	1	3	1	1	1	3	1	1	1	1	1	1	5	1	1	1
60	100	181	1	1	2	2	3	3	3	3	3	3	3	3	2	3	2	2	2	3	3	2	3	3	3	3	3	2	3	3	3	3	3	3	3	3	3	3	3	3	3	2	2	2	2	2	3	3	3	3	2	3	2	3	2	3	2	3	3	3	2	2	1	1
62	100	235	1	1	2	5	5	5	5	5	5	5	5	5	5	5	4	1	5	5	5	2	5	5	5	5	5	5	5	5	5	5	5	5	5	5	1	3	3	3	3	3	5	3	2	2	5	5	3	5	3	5	5	5	5	5	5	5	5	5	5	5	1	1
65	100	444	1	1	2	1	1	2	2	1	3	3	3	2	2	1	1	1	1	1	2	1	2	3	3	4	3	3	4	2	2	3	3	3	2	3	1	1	1	1	2	2	2	3	1	4	3	3	3	4	3	2	3	4	3	2	1	3	3	3	3	2	1	1
69	100	504	1	1	2	2	2	3	3	2	3	2	2	3	2	2	2	2	2	3	3	3	3	3	2	2	2	3	3	2	3	2	3	3	3	3	1	1	1	1	3	2	2	2	3	3	3	3	3	3	3	3	3	3	3	2	2	3	3	3	3	3	1	1
71	100	323	1	2	2	3	3	3	2	3	2	4	2	3	3	2	4	1	2	3	3	2	3	2	3	2	3	3	3	3	3	3	2	3	2	3	2	1	2	1	3	2	3	2	3	3	3	3	2	3	2	3	3	3	3	3	3	3	3	3	4	3	1	1
77	100	390	1	1	2	1	2	2	1	2	4	4	3	3	3	2	1	1	2	3	2	3	2	3	4	4	3	4	4	4	3	4	3	3	2	3	1	1	1	2	2	1	1	1	2	3	4	1	3	4	2	3	4	4	3	2	1	3	4	2	4	1	1	1
80	100	241	1	1	2	3	3	3	3	4	4	5	3	5	4	5	4	2	3	4	3	2	4	3	4	5	5	5	5	5	3	5	4	3	4	5	5	5	4	4	5	4	5	5	5	5	4	3	4	5	5	5	3	3	4	4	4	5	2	2	4	4	1	1
85	100	405	1	1	1	2	2	3	3	2	2	4	1	3	3	2	2	1	4	3	3	3	2	2	2	5	5	5	4	3	2	4	4	1	4	3	1	2	1	4	2	1	1	1	5	5	4	2	3	5	3	2	2	5	2	4	1	2	5	5	5	1	1	1
87	100	539	1	1	2	3	2	3	3	3	2	3	3	2	3	2	1	1	3	3	3	3	2	2	2	2	3	4	4	2	3	3	3	4	2	4	1	1	1	2	1	1	2	2	2	3	2	2	2	4	4	3	3	4	3	1	2	3	4	3	4	2	1	1
88	100	243	1	1	2	3	3	3	3	3	3	4	3	2	3	3	2	1	3	3	2	4	3	3	2	3	2	4	4	2	2	2	2	2	3	2	2	3	2	3	2	2	2	2	2	3	3	3	3	4	3	3	3	4	3	2	2	3	3	3	4	2	1	1
90	100	337	1	1	1	2	2	3	3	3	2	4	2	2	3	2	2	2	3	2	2	3	3	2	1	2	2	3	4	3	3	3	2	3	3	3	1	1	1	2	1	2	3	2	3	3	3	2	2	4	1	2	3	4	3	2	2	3	4	4	4	2	1	1
91	100	268	1	1	2	2	2	3	2	2	3	4	2	3	3	2	4	4	2	2	2	3	3	3	1	1	1	2	2	2	4	2	2	3	4	3	2	4	3	3	3	2	3	2	3	3	3	2	2	5	2	2	4	5	3	3	2	2	5	5	5	3	1	1
93	100	257	1	1	2	3	3	2	3	2	3	4	3	2	3	1	1	1	3	2	2	2	3	3	1	2	2	4	4	3	2	1	2	3	2	1	1	1	1	1	1	1	2	1	1	3	2	3	3	4	4	3	3	2	3	1	1	3	2	5	2	1	1	1
94	100	149	1	1	1	3	3	3	3	3	3	4	3	4	3	3	4	3	3	3	3	3	3	4	4	4	4	5	5	5	5	5	5	3	4	4	4	4	4	3	5	2	4	3	4	5	4	3	4	4	4	4	4	5	4	4	3	4	5	5	5	4	1	1
96	100	242	1	1	1	3	2	3	3	3	3	4	1	1	2	2	3	1	2	2	2	1	2	1	2	4	4	5	4	4	3	4	3	3	3	3	1	3	2	2	3	1	1	2	5	2	3	3	3	3	3	3	3	4	3	3	2	3	2	4	3	1	1	1
98	100	421	1	1	2	2	2	2	1	2	1	3	1	2	2	2	1	1	1	1	1	1	2	4	2	3	2	4	4	4	3	4	2	3	1	3	1	2	1	1	2	1	2	2	5	2	3	2	3	4	4	3	4	4	3	1	2	3	4	4	5	2	1	1
103	100	503	1	1	2	3	2	2	3	2	4	4	2	4	3	3	4	1	4	2	2	2	2	3	3	4	3	4	4	4	4	3	4	3	3	4	1	1	2	2	4	2	2	2	4	3	3	3	3	4	3	3	4	4	4	3	2	3	5	4	4	2	1	1
104	100	279	1	1	1	2	2	2	2	2	2	3	2	3	2	1	1	1	2	2	1	1	2	2	2	2	1	4	3	3	1	2	1	1	1	1	1	1	1	1	2	1	1	1	1	1	1	2	2	3	2	1	3	3	1	2	2	2	4	4	4	1	1	1
106	100	580	1	1	1	3	3	3	3	3	3	4	3	3	3	3	2	2	3	3	3	3	3	3	3	4	4	4	4	4	3	4	3	3	3	4	3	4	3	3	3	2	3	3	3	3	3	3	3	4	4	3	3	4	3	3	3	3	4	4	4	3	1	1
108	100	322	1	1	1	3	3	3	3	3	3	3	3	4	3	3	3	2	3	2	3	3	3	3	3	4	3	4	3	3	2	3	3	3	3	3	2	2	2	1	4	1	2	1	4	4	3	3	3	4	2	3	3	4	3	3	3	3	4	5	3	3	1	1
109	100	262	1	1	1	3	2	2	2	2	2	3	1	3	3	3	2	1	2	1	1	1	2	2	3	3	2	4	4	4	3	4	3	3	3	4	1	2	1	1	1	1	2	2	3	3	3	3	4	5	4	4	4	5	4	3	3	3	5	5	5	3	1	1
110	100	184	1	1	1	2	2	3	2	2	2	2	1	1	1	1	1	1	1	1	1	2	1	2	1	3	2	3	2	2	1	1	2	1	1	1	1	1	1	1	1	1	1	1	1	1	1	1	2	3	1	1	1	1	1	1	1	2	2	5	3	1	1	1
111	100	239	1	1	1	3	2	3	3	2	3	3	2	3	3	2	2	2	2	1	2	3	3	3	2	3	2	3	3	2	2	3	3	2	3	2	2	2	2	2	2	2	2	2	1	2	3	2	3	2	2	2	2	2	2	2	2	2	2	1	2	2	1	1
116	100	349	1	1	1	3	3	3	3	3	4	5	3	3	3	3	4	2	3	4	3	3	3	3	3	3	3	4	4	4	3	4	3	3	3	3	3	3	3	3	3	2	3	3	2	3	2	2	3	4	3	3	3	3	3	3	3	3	3	3	3	3	1	1
118	100	302	1	1	1	3	2	3	3	2	3	4	3	3	3	2	2	2	4	3	3	3	2	3	2	4	2	4	4	3	2	3	2	3	3	3	2	3	3	4	2	3	3	3	2	2	3	2	3	3	3	2	3	3	2	3	2	3	3	4	3	3	1	1
119	100	258	1	1	1	3	2	3	3	3	3	2	3	2	3	3	1	1	3	3	3	2	3	3	3	5	4	4	4	3	3	3	3	3	3	3	1	1	1	2	3	2	3	3	4	4	4	3	3	4	2	3	3	5	4	3	3	3	4	5	5	3	1	1
123	100	1501	1	1	1	3	3	3	3	3	3	3	3	3	3	3	4	2	3	3	2	2	3	3	4	2	3	3	3	3	2	3	3	3	3	3	2	2	2	3	3	2	2	2	2	3	3	3	3	4	3	3	4	4	4	3	3	3	3	3	3	3	1	1
126	100	301	1	1	1	1	1	1	1	1	1	1	1	1	1	1	1	1	1	1	1	1	1	1	1	1	1	2	2	1	1	1	1	1	1	1	1	1	1	1	1	1	1	1	1	1	1	1	1	4	1	3	3	4	2	1	1	1	4	4	1	1	1	1
128	43	12	0	1	2	2	2	2	3	2	3	4	2	2	3	2	2	1	2	2	2	2	2	2	2	3	2	4	4	3	3	3	2	3	2	3	1	2	2	2	2	2	2	2	2	3	3	2	3	4	3	3	3	4	3	2	2	3	3	3	4	2	1	1
131	43	7	0	1	2	2	2	2	3	2	3	4	2	2	3	2	2	1	2	2	2	2	2	2	2	3	2	4	4	3	3	3	2	3	2	3	1	2	2	2	2	2	2	2	2	3	3	2	3	4	3	3	3	4	3	2	2	3	3	3	4	2	1	1
132	43	15	0	1	2	2	2	2	3	2	3	4	2	2	3	2	2	1	2	2	2	2	2	2	2	3	2	4	4	3	3	3	2	3	2	3	1	2	2	2	2	2	2	2	2	3	3	2	3	4	3	3	3	4	3	2	2	3	3	3	4	2	1	1
135	43	14	0	1	2	2	2	2	3	2	3	4	2	2	3	2	2	1	2	2	2	2	2	2	2	3	2	4	4	3	3	3	2	3	2	3	1	2	2	2	2	2	2	2	2	3	3	2	3	4	3	3	3	4	3	2	2	3	3	3	4	2	1	1
136	57	2264	0	1	1	4	2	4	4	2	4	5	2	4	3	5	2	1	3	4	3	2	4	4	3	3	3	4	4	3	3	3	3	3	3	3	2	2	2	2	2	2	2	2	3	3	3	3	3	4	3	3	3	4	3	3	2	3	4	4	4	3	1	1
137	71	168	0	1	2	2	2	2	2	3	2	2	2	2	2	2	1	1	2	2	1	1	1	1	1	3	3	3	4	2	2	2	2	3	3	4	1	2	2	2	2	2	2	2	2	3	3	2	3	4	3	3	3	4	3	2	2	3	3	3	4	2	1	1
140	43	5	0	1	1	3	2	3	3	2	3	4	2	2	3	3	2	1	3	2	3	2	2	3	3	3	3	4	4	3	3	3	3	3	3	3	2	2	2	2	2	2	2	2	3	3	3	3	3	4	3	3	3	4	3	3	2	3	4	4	4	3	1	1
142	43	16	0	1	2	2	2	2	3	2	3	4	2	2	3	2	2	1	2	2	2	2	2	2	2	3	2	4	4	3	3	3	2	3	2	3	1	2	2	2	2	2	2	2	2	3	3	2	3	4	3	3	3	4	3	2	2	3	3	3	4	2	1	1
143	43	18	0	1	2	2	2	2	3	2	3	4	2	2	3	2	2	1	2	2	2	2	2	2	2	3	2	4	4	3	3	3	2	3	2	3	1	2	2	2	2	2	2	2	2	3	3	2	3	4	3	3	3	4	3	2	2	3	3	3	4	2	1	1
144	43	12	0	2	2	2	2	2	2	2	2	3	2	3	2	3	2	2	3	3	2	2	2	3	3	4	3	4	4	3	3	2	2	3	2	3	2	2	2	2	2	2	2	2	3	3	2	3	3	3	2	3	3	4	3	2	2	3	4	4	3	2	1	1
147	43	41	0	1	2	2	2	2	3	2	3	4	2	2	3	2	2	1	2	2	2	2	2	2	2	3	2	4	4	3	3	3	2	3	2	3	1	2	2	2	2	2	2	2	2	3	3	2	3	4	3	3	3	4	3	2	2	3	3	3	4	2	1	1
149	100	36	1	2	2	4	2	2	2	2	2	3	2	3	2	3	2	2	3	3	2	2	2	3	3	4	3	4	4	3	3	2	2	3	2	3	3	5	3	3	4	4	3	3	3	2	2	3	3	3	2	3	3	4	3	2	2	3	4	4	3	2	1	1
150	100	217	1	1	2	1	2	2	2	3	3	1	2	3	1	2	1	1	1	4	1	1	1	1	3	2	1	5	3	2	3	4	2	1	2	5	1	1	1	2	1	1	2	2	1	1	3	2	1	5	1	1	1	5	4	1	1	2	5	4	5	2	1	1
152	100	320	1	1	2	1	2	2	2	3	3	3	2	3	2	3	2	3	3	3	2	2	1	2	3	4	5	3	3	3	3	3	3	3	3	3	2	4	4	4	1	1	3	3	1	1	2	1	3	3	3	3	3	3	3	2	2	3	4	3	4	2	1	1
153	100	96	1	1	2	3	4	4	4	4	4	4	4	4	4	4	4	4	4	4	4	4	4	4	4	4	4	4	4	4	4	4	4	4	4	4	4	4	4	4	4	4	4	4	4	4	4	4	4	4	4	4	4	4	4	4	4	4	4	4	4	4	1	1
155	43	4666	0	1	2	2	2	2	3	2	3	4	2	2	3	2	2	1	2	2	2	2	2	2	2	3	2	4	4	3	3	3	2	3	2	3	1	2	2	2	2	2	2	2	2	3	3	2	3	4	3	3	3	4	3	2	2	3	3	3	4	2	1	1
157	86	7109	0	1	2	4	4	4	4	5	4	4	2	3	3	4	4	2	3	3	3	4	4	4	3	3	3	3	3	3	2	3	2	2	1	3	1	2	1	1	1	2	2	2	2	3	3	2	3	4	3	3	3	4	3	2	2	3	3	3	4	2	1	1
159	71	110	0	1	2	1	1	1	1	1	1	4	1	1	1	1	1	1	1	1	1	1	1	1	4	4	3	5	5	4	4	4	2	2	1	1	1	2	2	2	2	2	2	2	2	3	3	2	3	4	3	3	3	4	3	2	2	3	3	3	4	2	1	1
160	43	36	0	1	2	2	2	2	3	2	3	4	2	2	3	2	2	1	2	2	2	2	2	2	2	3	2	4	4	3	3	3	2	3	2	3	1	2	2	2	2	2	2	2	2	3	3	2	3	4	3	3	3	4	3	2	2	3	3	3	4	2	1	1
161	43	30	0	1	1	3	2	3	3	2	3	4	2	2	3	3	2	1	3	2	3	2	2	3	3	3	3	4	4	3	3	3	3	3	3	3	2	2	2	2	2	2	2	2	3	3	3	3	3	4	3	3	3	4	3	3	2	3	4	4	4	3	1	1
164	71	445	0	1	1	2	2	3	3	2	3	3	2	2	2	3	2	2	3	2	2	2	2	2	3	3	3	3	3	3	3	3	3	3	2	2	2	2	2	2	2	2	2	2	3	3	3	3	3	4	3	3	3	4	3	3	2	3	4	4	4	3	1	1
166	57	110	0	1	2	1	1	1	1	1	1	1	1	1	1	1	1	1	1	1	1	1	1	1	2	3	2	4	4	3	3	3	2	3	2	3	1	2	2	2	2	2	2	2	2	3	3	2	3	4	3	3	3	4	3	2	2	3	3	3	4	2	1	1
167	43	5	0	1	2	2	2	2	3	2	3	4	2	2	3	2	2	1	2	2	2	2	2	2	2	3	2	4	4	3	3	3	2	3	2	3	1	2	2	2	2	2	2	2	2	3	3	2	3	4	3	3	3	4	3	2	2	3	3	3	4	2	1	1
176	100	183	1	1	1	3	3	3	3	3	4	5	4	4	3	3	3	3	5	3	4	3	3	3	5	5	5	5	5	3	3	5	5	3	5	4	3	3	4	3	3	3	3	3	4	5	4	3	4	5	4	4	4	3	5	3	4	5	5	5	5	4	1.2	1
177	100	234	1	1	1	2	2	2	2	2	2	4	2	2	2	2	2	1	2	2	2	2	2	2	2	5	4	5	5	4	2	4	4	3	2	3	1	1	1	1	4	2	2	2	2	4	2	2	3	4	2	3	4	4	3	2	2	3	4	5	5	2	1.2	1
178	100	202	1	1	1	3	3	3	3	3	3	3	3	3	3	3	3	3	3	2	2	2	3	3	3	4	4	4	4	3	3	4	4	4	4	4	2	2	2	2	2	2	3	2	3	4	3	3	3	4	3	3	3	4	3	3	3	4	4	4	4	3	1.2	1
179	100	236	1	1	1	2	2	1	1	1	1	5	1	3	1	2	4	2	3	1	1	1	2	2	4	4	3	5	5	2	3	1	1	3	2	1	1	1	1	1	1	1	1	2	3	1	1	1	2	3	3	3	1	3	1	1	1	1	3	2	1	1	1.2	1
181	100	290	1	1	1	2	2	3	3	3	3	4	2	3	2	3	2	1	2	3	2	2	3	3	4	4	4	4	5	4	3	4	3	3	3	3	1	1	1	2	3	1	1	1	4	3	4	3	3	4	1	2	4	5	3	1	2	3	4	5	3	2	1.2	1
184	100	170	1	1	1	3	2	3	3	2	4	5	3	4	3	4	4	2	4	4	4	2	3	3	4	4	2	5	5	3	4	4	2	3	2	4	2	2	2	2	5	2	3	2	3	5	4	3	4	5	4	3	4	5	4	3	3	4	5	5	5	3	1.2	1
185	100	439	1	1	1	2	1	3	2	3	4	4	3	3	2	2	4	2	3	2	3	2	2	3	3	3	2	4	4	3	4	3	2	3	3	3	2	3	4	3	2	2	2	3	4	4	4	3	3	4	3	3	3	4	3	2	2	3	4	4	3	2	1.2	1
186	100	341	1	1	2	2	1	2	2	1	1	3	1	1	1	1	1	1	4	1	1	1	1	1	1	1	4	4	4	2	4	4	1	4	1	4	2	2	1	2	4	1	1	1	1	4	1	1	1	4	1	1	1	4	1	1	1	1	1	5	1	1	1.2	1
187	100	201	1	1	1	3	3	3	3	2	3	5	4	2	3	2	1	1	2	3	2	1	2	3	4	3	2	4	4	2	3	3	3	3	4	1	1	1	1	1	2	1	1	1	3	3	3	2	2	4	2	2	3	3	2	2	2	2	4	5	4	3	1.2	1
190	100	322	1	1	1	3	2	2	2	1	2	4	1	3	1	1	2	1	4	3	3	1	2	2	3	4	3	4	4	2	1	1	1	1	2	1	1	2	2	3	3	1	1	3	4	2	1	2	2	4	4	1	2	3	1	1	1	2	3	5	4	1	1.2	1
191	100	181	1	1	1	4	4	4	4	4	5	5	4	4	5	4	4	3	5	4	4	4	4	4	4	3	4	5	5	3	4	4	4	4	4	3	2	3	2	4	3	3	4	3	2	4	4	4	4	4	4	4	4	4	4	3	3	4	4	5	5	3	1.2	1
197	100	304	1	1	1	2	1	2	1	1	2	3	1	1	2	1	3	1	2	2	2	1	2	2	2	3	2	3	3	2	1	2	1	1	2	3	1	1	2	2	2	1	1	2	1	1	3	2	1	2	3	1	2	3	3	3	2	3	2	5	3	1	1.2	1
200	100	189	1	1	1	3	3	3	3	4	4	4	3	3	3	3	4	3	3	3	3	2	3	3	3	4	4	5	5	3	3	4	4	3	3	3	3	3	3	3	4	3	3	3	4	5	3	3	4	3	3	3	4	4	3	3	3	4	4	4	4	3	1.2	1
202	100	225	1	1	1	2	2	2	2	2	1	3	2	2	2	2	2	1	3	2	3	1	2	2	2	4	3	4	3	3	3	3	3	3	3	3	2	2	2	2	2	2	2	3	4	3	3	3	3	3	3	3	2	3	3	3	1	3	3	4	2	1	1.2	1
203	100	156	1	1	1	3	3	2	3	2	2	3	1	2	3	3	1	1	3	2	3	1	3	2	1	2	2	1	2	2	2	2	2	1	3	2	1	2	1	2	3	1	2	2	1	3	2	2	1	4	2	3	4	2	2	3	2	2	4	4	3	1	1.2	1
204	100	1622	1	1	2	3	2	3	3	3	3	4	3	4	3	2	3	2	3	3	3	3	3	3	2	2	2	3	3	3	3	3	3	3	3	3	3	3	3	3	3	2	3	3	3	3	3	3	3	3	3	2	2	4	2	2	3	3	3	3	3	2	1.2	1
205	100	371	1	1	1	3	3	3	3	3	5	5	3	3	3	3	3	2	4	4	4	3	3	3	3	4	3	4	4	4	3	4	3	2	3	3	2	2	3	3	3	3	3	3	5	3	4	3	3	5	3	3	3	5	3	3	3	3	5	4	5	3	1.2	1
207	100	226	1	1	1	3	3	3	3	3	3	4	2	3	2	2	2	1	3	3	3	2	3	4	4	4	4	4	3	3	3	3	3	3	3	2	1	2	2	3	3	2	2	2	4	3	4	3	3	4	4	3	4	4	4	3	3	3	4	4	4	3	1.2	1
209	100	1383	1	2	2	4	2	4	3	4	4	2	3	4	4	4	4	2	4	4	4	4	4	4	4	5	4	5	5	2	4	2	4	4	4	4	2	2	2	2	4	2	3	2	5	4	5	4	4	4	2	4	4	5	2	2	2	4	5	5	5	3	1.2	1
210	100	247	1	1	2	2	3	2	2	2	2	2	2	2	2	3	2	1	2	2	2	3	2	2	2	2	2	2	2	2	2	2	3	2	2	2	1	2	2	2	2	2	2	2	1	2	2	2	2	2	2	2	2	2	2	2	2	2	2	2	2	2	1.2	1
211	100	278	1	1	1	3	3	3	3	3	3	4	3	3	3	3	3	2	4	4	4	3	3	3	3	4	3	3	4	3	4	3	3	3	4	4	4	2	4	3	4	2	3	2	3	4	4	3	3	4	2	3	3	3	3	3	3	3	4	4	3	3	1.2	1
212	100	428	1	1	1	4	2	4	4	3	4	5	3	4	3	5	5	2	3	4	2	3	2	4	4	3	2	4	5	4	4	4	3	3	4	4	4	4	5	5	3	4	5	5	5	3	5	4	4	5	4	4	4	5	5	3	4	3	5	5	5	3	1.2	1
216	100	253	1	1	1	2	3	2	2	1	1	4	4	3	2	2	3	1	3	2	3	1	2	4	2	2	3	2	4	4	2	2	3	4	2	3	2	2	1	3	3	2	2	3	1	2	2	2	3	4	3	3	4	4	3	2	1	4	4	4	4	1	1.2	1
217	100	240	1	1	1	3	3	3	3	3	3	3	3	4	3	3	3	2	3	3	3	3	3	4	3	4	4	4	4	3	3	4	3	2	3	3	3	3	3	3	4	2	3	3	4	3	3	3	3	3	3	3	3	3	3	3	3	3	4	3	3	3	1.2	1
218	100	354	1	1	1	3	3	3	3	3	3	4	3	4	3	3	3	2	3	3	3	2	3	3	4	2	2	4	4	3	3	2	2	3	2	2	2	2	2	2	2	2	2	2	5	2	4	3	3	4	3	3	5	5	3	3	3	3	4	4	4	3	1.2	1
219	100	562	1	1	1	5	5	5	5	4	5	5	4	5	4	5	4	3	5	4	3	5	4	5	5	4	5	4	4	3	3	3	3	3	5	4	4	4	5	5	4	5	3	3	5	5	5	5	5	4	4	5	4	5	4	5	5	5	4	5	5	4	1.2	1
220	100	375	1	1	1	3	3	3	2	4	3	3	3	3	3	3	2	2	3	3	3	4	3	3	2	3	3	3	5	3	3	3	3	4	3	3	3	2	1	2	2	2	2	2	2	4	2	2	3	4	2	3	2	2	2	3	3	3	4	3	4	3	1.2	1
222	100	442	1	1	2	1	1	1	1	1	3	4	2	2	1	2	1	1	3	2	2	2	1	2	2	3	2	4	4	3	3	3	2	1	2	2	1	2	2	2	3	1	1	2	1	1	2	1	3	4	3	2	3	4	3	1	1	2	3	4	4	1	1.2	1
224	100	336	1	1	1	3	3	3	3	3	5	5	3	3	3	3	3	2	4	4	4	3	3	3	4	4	2	5	5	3	3	4	3	3	3	5	1	2	2	3	3	1	3	3	5	4	4	4	3	5	3	3	4	4	3	3	3	3	4	4	4	2	1.2	1
225	100	407	1	1	1	3	3	3	3	2	2	4	2	3	2	3	1	1	3	3	2	1	2	3	4	4	4	4	4	3	4	1	1	1	3	2	2	2	2	1	2	1	2	2	3	3	4	4	3	4	3	3	4	5	5	3	3	4	5	5	5	4	1.2	1
227	100	267	1	1	1	3	2	3	3	2	4	5	3	3	3	2	3	2	4	3	3	2	2	3	3	3	3	4	4	3	4	3	4	3	2	3	3	3	4	3	3	2	3	3	4	3	3	3	3	4	3	3	3	3	3	3	2	3	4	4	3	2	1.2	1
228	100	291	1	1	1	4	2	3	4	2	4	4	2	4	4	4	4	1	4	4	4	2	4	2	3	4	2	5	4	4	4	4	4	4	5	5	2	1	2	2	4	3	4	2	5	5	5	4	4	5	5	3	4	4	4	3	4	4	5	5	5	3	1.2	1
231	43	43	0	1	1	3	2	3	3	2	3	4	2	2	3	3	2	1	3	2	3	2	2	3	3	3	3	4	4	3	3	3	3	3	3	3	2	2	2	2	2	2	2	2	3	3	3	3	3	4	3	3	3	4	3	3	2	3	4	4	4	3	1.2	1
232	43	112	0	1	1	3	2	3	3	2	3	4	2	2	3	3	2	1	3	2	3	2	2	3	3	3	3	4	4	3	3	3	3	3	3	3	2	2	2	2	2	2	2	2	3	3	3	3	3	4	3	3	3	4	3	3	2	3	4	4	4	3	1.2	1
235	43	95	0	1	1	3	2	3	3	2	3	4	2	2	3	3	2	1	3	2	3	2	2	3	3	3	3	4	4	3	3	3	3	3	3	3	2	2	2	2	2	2	2	2	3	3	3	3	3	4	3	3	3	4	3	3	2	3	4	4	4	3	1.2	1
237	57	145	0	2	2	2	2	2	2	1	2	3	3	1	2	2	1	1	2	2	2	1	2	2	3	4	3	4	4	3	3	2	2	3	2	3	2	2	2	2	2	2	2	2	3	3	2	3	3	3	2	3	3	4	3	2	2	3	4	4	3	2	1.2	1
238	86	171	0	1	1	3	2	3	3	2	3	3	2	4	3	3	4	1	3	2	2	3	3	3	3	4	4	4	4	3	3	4	3	2	4	4	2	3	2	3	3	1	3	2	4	4	3	3	3	4	3	3	3	4	3	3	2	3	4	4	4	3	1.2	1
239	43	34	0	1	1	3	2	3	3	2	3	4	2	2	3	3	2	1	3	2	3	2	2	3	3	3	3	4	4	3	3	3	3	3	3	3	2	2	2	2	2	2	2	2	3	3	3	3	3	4	3	3	3	4	3	3	2	3	4	4	4	3	1.2	1
247	43	66	0	1	1	3	2	3	3	2	3	4	2	2	3	3	2	1	3	2	3	2	2	3	3	3	3	4	4	3	3	3	3	3	3	3	2	2	2	2	2	2	2	2	3	3	3	3	3	4	3	3	3	4	3	3	2	3	4	4	4	3	1.2	1
248	86	265	0	1	1	2	2	2	2	3	3	4	3	2	2	3	2	2	1	1	1	2	2	2	1	3	3	4	4	3	3	3	2	1	2	2	1	2	1	2	3	2	2	3	4	4	3	3	3	4	3	3	3	4	3	3	2	3	4	4	4	3	1.2	1
251	43	13	0	1	1	3	2	3	3	2	3	4	2	2	3	3	2	1	3	2	3	2	2	3	3	3	3	4	4	3	3	3	3	3	3	3	2	2	2	2	2	2	2	2	3	3	3	3	3	4	3	3	3	4	3	3	2	3	4	4	4	3	1.2	1
252	57	148	0	1	1	3	3	2	3	3	3	4	2	3	3	3	4	3	3	3	3	3	2	3	3	3	3	4	4	3	3	3	3	3	3	3	2	2	2	2	2	2	2	2	3	3	3	3	3	4	3	3	3	4	3	3	2	3	4	4	4	3	1.2	1
253	43	22	0	1	1	3	2	3	3	2	3	4	2	2	3	3	2	1	3	2	3	2	2	3	3	3	3	4	4	3	3	3	3	3	3	3	2	2	2	2	2	2	2	2	3	3	3	3	3	4	3	3	3	4	3	3	2	3	4	4	4	3	1.2	1
255	43	18	0	1	1	3	2	3	3	2	3	4	2	2	3	3	2	1	3	2	3	2	2	3	3	3	3	4	4	3	3	3	3	3	3	3	2	2	2	2	2	2	2	2	3	3	3	3	3	4	3	3	3	4	3	3	2	3	4	4	4	3	1.2	1
257	100	236	1	1	2	1	2	2	2	1	2	2	1	1	1	2	1	1	3	2	2	1	2	1	3	3	3	4	4	3	1	3	3	2	1	2	1	2	1	2	1	1	1	1	3	3	3	2	2	4	3	3	3	3	2	2	1	2	2	4	5	1	1.2	1
259	100	107	1	1	2	3	3	3	3	3	4	4	3	2	3	3	2	1	3	2	3	3	3	2	3	2	3	4	4	3	3	3	2	2	2	3	2	2	2	2	3	2	3	3	3	2	3	3	3	4	3	3	3	4	4	3	3	3	4	4	4	4	1.5	1
263	100	191	1	1	2	3	2	2	2	2	2	4	2	2	3	3	3	2	3	2	2	2	2	2	3	4	4	4	4	3	3	4	4	4	3	4	3	3	3	3	3	2	3	3	2	4	3	2	2	4	3	3	3	4	3	3	2	2	3	2	3	3	1.5	1
269	100	160	1	1	2	2	2	1	1	1	1	1	1	2	2	3	1	1	1	1	3	1	1	1	3	5	2	5	5	3	5	5	3	3	4	5	1	1	1	1	2	1	1	1	5	2	3	2	1	2	1	4	5	5	3	3	1	1	5	5	5	1	1.5	1
270	100	206	1	1	1	3	3	3	3	2	2	3	2	2	2	3	1	1	2	1	3	2	2	1	3	3	2	2	2	3	3	2	3	3	2	1	1	1	1	2	3	2	2	2	1	3	2	2	1	3	2	3	2	3	3	1	1	2	3	3	2	1	1.5	1
273	100	176	1	1	2	2	2	2	3	1	2	2	2	3	2	2	2	2	1	1	2	1	1	2	2	4	1	4	4	2	2	3	1	1	2	1	1	1	1	4	1	2	1	2	5	4	3	2	2	2	3	3	2	2	2	3	2	4	3	4	3	2	1.5	1
274	100	264	1	1	1	3	2	3	3	3	2	2	2	2	3	2	1	1	2	3	2	1	2	2	4	3	2	1	1	2	2	1	2	2	3	3	1	2	1	1	1	2	2	3	1	2	2	3	2	2	2	5	2	2	2	3	1	2	2	5	5	3	1.5	1
275	100	261	1	1	1	2	3	2	4	4	4	5	3	2	3	4	3	2	3	3	4	4	4	4	3	4	2	3	4	4	4	3	3	3	3	3	2	4	4	3	3	3	3	3	4	4	4	2	3	4	4	4	3	3	3	4	2	5	3	3	5	3	1.5	1
276	100	161	1	1	1	3	3	3	3	3	3	4	3	3	3	3	2	2	4	3	4	4	4	4	2	2	3	4	4	4	2	2	2	2	3	3	2	1	2	1	2	1	2	2	1	2	2	2	2	2	2	2	2	2	3	2	2	2	3	3	4	3	1.5	1
279	100	233	1	1	2	3	3	3	2	2	2	3	3	2	2	4	2	3	4	2	2	2	3	1	4	3	2	4	2	2	2	4	3	3	3	3	1	1	1	1	3	2	2	2	1	3	1	2	3	2	2	3	2	3	2	2	1	2	2	3	3	2	1.5	1
280	100	187	1	1	1	4	4	5	3	2	4	5	1	1	4	3	1	1	1	4	2	1	3	2	3	2	1	1	4	2	1	1	4	3	3	2	2	1	2	1	4	2	2	4	2	4	3	4	3	2	4	3	4	2	2	3	1	4	5	5	5	3	1.5	1
281	100	252	1	1	2	2	2	3	2	1	3	3	2	2	2	2	3	2	2	2	3	3	2	3	1	2	2	3	4	3	3	2	2	3	2	4	1	1	2	1	3	1	3	2	5	1	3	1	2	4	3	3	3	2	3	2	1	3	3	5	3	1	1.5	1
285	100	162	1	1	2	2	3	2	3	2	3	4	3	3	3	2	1	1	3	3	4	2	3	3	2	3	4	4	4	4	3	4	3	3	2	4	2	2	3	2	1	2	3	2	2	4	4	3	3	4	2	3	3	4	4	2	2	3	4	4	4	4	1.5	1
289	100	287	1	1	1	3	2	3	3	4	3	4	3	3	3	4	2	2	4	3	4	3	3	4	3	4	4	3	4	3	4	3	4	3	3	4	2	3	3	3	2	2	3	3	4	3	3	3	3	4	3	3	3	4	3	3	2	3	3	3	4	3	1.5	1
292	100	178	1	2	2	2	3	2	2	2	2	3	2	1	2	2	1	1	1	2	1	1	2	1	3	3	3	4	4	3	2	2	2	3	2	2	2	2	2	2	2	2	2	2	2	2	2	3	2	3	3	3	2	3	2	2	2	2	2	4	4	4	1.5	1
293	100	126	1	2	2	2	3	3	4	4	4	5	3	4	3	4	2	2	4	4	2	3	3	4	2	3	3	4	3	4	3	4	3	4	3	3	2	4	2	3	2	3	4	3	3	4	3	4	3	3	4	3	3	4	3	3	4	3	4	3	3	4	1.5	1
294	100	254	1	1	2	2	3	3	3	3	3	3	3	2	3	2	2	2	2	2	3	3	3	3	2	2	3	2	1	3	3	2	2	2	2	2	2	2	2	2	2	2	2	2	2	3	2	2	2	2	2	2	2	2	2	2	2	2	2	2	2	2	1.5	1
297	100	265	1	1	1	3	3	3	3	3	3	3	3	3	3	4	4	2	3	3	3	3	3	3	3	3	3	3	3	3	3	3	3	3	3	3	2	3	3	2	4	3	3	3	4	4	3	4	3	3	4	4	3	4	4	4	4	4	4	4	4	4	1.5	1
298	100	174	1	1	1	3	3	3	3	2	4	4	2	4	3	3	4	2	3	2	2	2	3	3	4	4	4	4	4	4	4	4	4	3	4	4	2	3	3	3	2	2	2	3	4	2	3	3	3	4	4	4	4	4	3	3	3	3	4	4	4	3	1.5	1
302	100	181	1	1	1	5	5	5	5	5	5	5	5	5	5	5	5	5	5	4	3	4	4	4	4	4	4	5	5	5	5	5	5	5	5	4	5	5	5	5	4	4	4	4	4	4	4	4	5	4	4	5	5	5	5	5	5	5	5	5	5	5	1.5	1
303	100	104	1	1	1	2	1	3	2	1	1	4	1	1	3	1	4	1	1	4	3	1	2	1	1	1	1	1	2	1	2	1	1	2	2	1	2	1	2	2	2	1	1	2	2	2	1	2	1	1	1	2	1	1	1	2	1	1	1	1	2	1	1.5	1
307	100	324	1	1	1	3	4	4	3	4	4	5	3	2	3	3	2	1	3	3	4	4	4	3	2	3	4	4	2	4	4	4	3	4	5	5	2	2	3	3	5	4	4	4	4	4	4	4	3	3	4	3	4	5	4	4	4	3	3	5	4	4	1.5	1
310	100	239	1	1	2	2	2	2	2	2	4	5	2	2	2	2	1	1	2	2	1	2	2	2	4	4	4	5	4	4	5	5	3	3	2	3	1	2	1	1	1	2	1	1	1	2	4	2	2	4	4	4	4	2	2	1	1	2	4	2	5	2	1.5	1
311	100	327	1	1	1	3	2	2	2	3	2	4	2	2	2	3	1	1	2	4	3	3	2	2	1	3	2	2	2	3	4	2	2	3	2	3	1	3	2	2	3	2	2	2	2	2	4	3	3	4	3	3	4	4	2	3	2	2	2	2	4	2	1.5	1
313	100	185	1	1	2	3	3	3	3	3	3	3	3	3	3	3	3	2	3	3	3	3	3	3	3	3	3	4	4	3	3	3	3	3	3	3	3	3	3	1	3	2	3	3	3	3	3	3	3	3	3	3	3	3	3	3	3	3	3	2	3	3	1.5	1
321	100	344	1	1	1	2	1	1	1	3	3	4	3	3	3	1	1	1	2	2	3	2	3	2	1	4	2	2	2	2	1	2	2	3	3	4	4	4	2	4	3	2	2	2	1	5	3	2	3	2	2	1	2	2	2	4	1	3	1	1	4	3	1.5	1
322	100	236	1	1	2	4	2	5	5	4	4	5	4	3	4	3	2	2	3	3	2	2	4	5	4	4	4	4	4	5	4	4	4	5	2	4	2	3	3	4	2	4	3	3	2	5	4	2	3	4	5	4	3	5	4	2	4	4	5	2	5	4	1.5	1
324	100	307	1	1	1	2	2	2	2	1	2	4	2	4	1	1	2	1	2	3	1	1	2	4	4	3	2	3	3	2	2	3	2	3	2	2	2	2	1	3	1	1	1	2	4	1	2	1	1	4	3	3	2	1	1	1	1	1	4	5	5	2	1.5	1
325	100	145	1	1	1	2	2	2	3	3	3	3	2	2	3	3	2	3	3	3	3	3	3	3	2	3	1	1	3	2	4	2	2	3	1	3	1	1	1	1	1	1	1	2	1	2	2	3	3	3	3	2	2	2	3	2	2	2	3	4	4	3	1.5	1
326	100	333	1	1	1	3	3	2	2	3	3	4	2	2	3	3	2	1	4	3	3	2	3	3	3	3	2	4	4	4	3	3	3	3	2	3	1	1	1	2	3	1	2	2	2	2	2	3	3	4	3	3	4	4	3	2	2	3	3	1	4	3	1.5	1
327	100	159	1	1	2	3	4	5	4	4	5	4	4	2	3	4	1	1	3	3	4	1	3	2	5	5	5	5	5	5	5	5	4	3	4	4	1	2	2	3	2	3	2	4	2	4	5	4	4	5	5	3	4	4	3	4	4	3	4	2	4	4	1.5	1
329	100	309	1	1	1	3	2	1	2	1	3	2	1	1	2	3	2	1	1	1	1	3	2	2	1	2	3	2	1	1	1	1	2	3	2	1	1	1	1	2	1	1	1	3	1	3	2	1	2	3	3	3	3	4	2	1	1	2	2	2	2	1	1.5	1
330	100	214	1	1	1	2	2	2	2	3	3	3	3	2	3	3	2	2	3	3	3	2	2	2	2	3	3	4	4	3	3	3	2	3	3	3	2	3	2	3	3	2	2	3	3	3	3	2	2	4	4	3	3	4	3	2	2	3	4	4	4	3	1.5	1
331	100	279	1	1	2	1	1	2	2	4	4	4	2	2	2	2	1	1	4	2	4	1	2	2	3	3	3	5	5	4	4	4	4	4	3	4	2	3	2	3	4	2	3	3	1	4	3	3	4	5	3	3	4	4	4	2	2	4	4	2	4	2	1.5	1
334	100	106	1	1	2	2	2	3	3	2	2	2	2	3	3	3	3	2	3	3	3	2	2	3	3	4	4	4	4	3	3	3	4	3	3	3	2	2	2	2	2	2	2	2	2	3	3	2	2	3	2	3	2	3	3	3	2	3	3	3	3	3	1.5	1
341	100	432	1	1	1	3	3	4	3	2	3	4	3	4	3	3	2	2	2	3	3	2	2	3	4	3	2	3	3	4	4	4	4	2	4	3	2	2	1	2	4	2	2	2	1	3	4	3	2	3	3	2	3	4	4	2	3	3	4	3	4	3	1.5	1
342	100	395	1	1	2	2	2	2	2	4	3	5	4	3	3	3	4	2	2	2	2	4	2	3	3	3	2	4	4	4	4	5	3	3	2	2	3	3	4	3	2	4	3	4	3	4	4	3	4	4	2	4	3	5	4	3	2	4	4	4	4	3	1.5	1
343	100	282	1	1	1	4	2	2	3	2	3	2	2	2	3	2	1	1	3	1	1	1	2	2	2	4	1	2	4	4	3	3	3	4	2	3	2	2	2	2	2	2	2	3	2	2	2	2	3	3	2	2	2	2	2	3	1	3	1	4	2	2	1.5	1
346	100	197	1	1	1	2	2	2	2	2	2	4	3	3	4	2	4	4	3	4	3	3	2	3	1	2	2	4	3	2	3	4	2	3	3	4	2	2	2	1	4	2	3	2	1	3	2	2	3	2	2	3	2	2	3	2	3	2	2	4	4	2	1.5	1
350	100	341	1	1	1	4	3	3	3	4	3	4	3	2	3	3	4	2	4	3	2	4	2	3	2	2	3	5	4	2	3	2	3	3	3	2	1	2	5	2	5	2	4	2	2	4	3	3	2	4	4	3	3	4	3	3	3	2	4	2	5	4	1.5	1
351	100	124	1	1	1	2	2	2	2	2	2	3	2	2	2	2	2	1	3	2	3	3	2	2	4	4	3	3	2	3	3	2	3	3	2	3	2	3	2	3	2	2	2	2	2	2	3	2	2	3	2	3	3	2	2	2	3	2	3	4	2	2	1.5	1
352	100	284	1	1	2	2	2	3	3	2	1	2	1	1	2	4	3	2	1	1	1	1	2	1	2	1	1	1	2	2	2	1	3	1	2	1	4	4	4	2	4	3	3	3	4	3	4	2	2	2	2	2	1	2	2	2	1	3	2	4	2	2	1.5	1
353	100	204	1	1	2	3	3	3	4	4	4	4	3	4	3	3	2	2	3	3	3	3	3	3	3	3	3	4	4	4	3	4	4	3	3	3	2	2	2	2	2	2	3	2	3	3	2	4	3	4	4	3	3	4	4	4	3	3	3	4	4	3	1.5	1
354	100	503	1	1	2	2	2	2	3	2	3	4	3	3	3	3	2	2	1	1	1	2	2	2	3	3	2	2	2	2	2	2	2	2	1	2	2	2	4	2	3	3	3	3	4	4	4	3	3	4	4	3	3	3	2	4	4	4	4	4	4	4	1.5	1
359	100	339	1	1	1	1	2	2	1	1	2	4	1	1	2	1	2	1	2	3	1	2	2	1	3	3	2	3	3	1	2	2	2	3	2	2	1	1	2	2	1	1	2	2	3	3	2	2	3	4	3	3	4	4	2	1	1	3	3	2	4	2	1.5	1
360	100	269	1	1	1	3	3	3	3	3	3	3	3	3	3	3	2	2	3	3	3	3	3	3	2	2	2	4	4	3	2	4	3	3	3	3	1	3	2	3	2	2	3	3	3	3	3	3	3	3	3	2	3	4	3	3	3	3	3	3	3	3	1.5	1
363	100	587	1	1	2	3	3	3	3	3	3	3	3	3	3	3	3	3	3	3	3	3	3	3	3	3	3	3	3	3	3	3	3	3	2	4	3	3	3	3	3	3	3	3	4	4	3	3	3	4	3	4	4	4	4	4	4	4	5	5	4	4	1.5	1
364	100	456	1	1	2	2	2	2	3	2	4	4	3	2	2	4	4	2	5	3	2	2	2	3	3	3	3	5	5	3	5	4	3	2	4	4	2	2	2	2	4	2	4	3	5	4	4	3	3	5	4	5	4	4	3	2	3	3	5	4	3	3	1.5	1
365	100	313	1	1	1	2	2	3	3	2	5	3	2	2	2	3	2	2	3	2	2	3	2	2	3	4	2	3	4	2	3	2	3	3	2	2	2	3	4	4	1	1	2	3	2	1	2	2	2	5	4	4	5	5	4	3	2	3	5	4	5	3	1.5	1
366	100	210	1	1	2	1	1	1	1	1	1	1	1	1	1	1	1	1	1	1	1	1	1	1	1	1	1	1	1	1	1	1	1	1	1	1	1	1	1	1	1	1	1	1	5	1	1	1	1	1	1	1	1	1	1	1	1	1	1	5	1	1	1.5	1
367	100	262	1	1	1	3	3	3	3	2	2	4	2	3	3	3	1	1	2	2	2	4	3	3	1	2	1	5	5	2	1	2	1	3	3	1	1	1	1	1	2	1	2	3	4	5	3	3	3	3	3	3	3	4	3	2	1	3	4	3	3	3	1.5	1
370	100	277	1	1	1	2	2	2	2	2	2	3	2	2	2	2	2	2	2	2	2	2	2	2	1	2	3	2	2	2	2	2	2	2	2	2	3	2	2	1	2	1	1	1	1	2	1	1	1	1	1	1	1	1	1	1	1	1	1	4	1	1	1.5	1
371	100	190	1	1	1	3	3	2	3	3	3	4	2	3	3	3	2	2	2	2	2	2	3	3	3	2	2	4	3	3	3	2	2	3	3	1	2	2	3	2	2	1	2	2	5	2	3	2	3	4	4	2	3	4	3	3	1	2	4	4	3	2	1.5	1
373	100	242	1	1	1	2	2	2	2	2	1	3	1	2	2	2	1	2	3	2	3	1	2	2	4	4	4	5	5	3	3	4	4	3	2	3	3	3	3	3	2	1	2	2	3	3	2	3	3	3	3	3	3	4	3	2	2	3	3	3	4	3	1.5	1
377	100	638	1	1	1	1	1	1	1	1	5	5	4	2	2	2	3	5	3	3	3	3	2	3	2	5	5	4	5	2	5	4	4	4	2	4	2	2	2	5	3	2	4	4	1	1	1	3	3	5	1	4	2	2	2	3	1	3	5	5	5	3	1.5	1
379	100	668	1	1	1	2	2	2	1	1	3	3	2	1	3	2	1	1	1	2	2	1	2	2	2	3	3	3	4	4	3	4	4	3	3	3	1	1	1	1	1	1	1	2	1	2	1	2	3	3	3	4	2	3	3	4	2	3	3	3	3	3	1.5	1
380	100	244	1	1	2	3	3	3	3	2	2	3	2	2	3	2	2	2	3	2	2	2	2	3	3	3	3	4	4	4	4	4	4	3	3	4	3	5	5	5	5	5	4	5	5	5	5	4	4	4	4	4	4	4	5	5	3	4	4	3	4	3	1.5	1
381	100	132	1	1	2	3	3	3	3	3	3	3	3	3	3	3	3	3	3	3	3	3	3	3	2	2	2	2	2	2	3	3	3	3	3	3	2	2	2	2	2	2	2	2	3	3	3	3	3	3	3	3	3	3	3	3	3	3	3	3	3	3	1.5	1
384	100	493	1	1	1	2	2	2	3	3	2	3	2	3	3	2	2	3	3	2	3	2	2	2	3	3	3	2	3	4	3	3	3	3	2	3	2	2	3	3	3	2	3	2	3	3	2	4	3	3	2	3	2	2	4	2	3	2	3	2	3	3	1.5	1
387	100	393	1	1	1	2	3	3	2	2	4	4	2	4	3	4	2	1	3	2	2	3	2	4	4	2	4	5	4	4	3	2	2	2	5	5	1	2	1	2	5	3	3	3	5	5	3	3	4	4	3	5	4	5	4	5	2	4	5	5	5	5	1.5	1
389	100	320	1	1	1	2	2	2	2	3	4	4	2	2	3	3	4	3	3	2	2	4	2	3	4	4	2	2	2	2	3	2	3	3	2	2	2	2	2	2	1	4	3	3	4	3	3	3	3	4	4	4	4	5	3	4	4	3	3	3	3	4	1.5	1
396	100	309	1	1	1	2	3	2	2	4	4	4	3	4	3	3	4	4	4	4	4	4	3	4	4	4	4	4	4	4	4	4	4	2	3	4	2	2	2	2	2	2	2	2	4	4	3	3	4	4	2	2	2	4	2	2	2	2	4	4	3	3	1.5	1
397	100	328	1	1	1	2	4	4	3	3	3	3	4	2	2	2	2	3	4	3	2	1	3	3	2	3	2	4	4	2	2	3	3	2	4	3	4	4	3	3	3	3	3	3	4	1	3	3	3	2	3	2	3	3	2	2	2	2	3	4	3	3	1.5	1
398	100	332	1	1	1	2	1	2	2	3	4	4	2	4	4	2	1	1	4	1	1	1	2	4	2	4	1	1	2	2	1	1	4	3	3	4	1	4	2	1	2	1	2	2	2	4	2	3	3	4	5	2	2	4	2	2	2	2	4	4	2	2	1.5	1
399	100	393	1	1	1	3	2	3	3	3	3	3	3	3	3	3	3	3	3	3	3	3	3	3	2	2	2	4	5	3	3	4	3	3	3	3	1	1	1	1	1	1	1	1	1	1	1	2	2	2	2	2	4	4	3	2	2	3	3	3	4	3	1.5	1
401	100	127	1	1	2	3	3	3	3	2	2	4	2	2	2	2	1	1	3	2	2	3	3	3	2	2	1	3	3	3	3	1	1	1	2	3	1	2	3	3	1	1	2	3	2	4	3	2	2	4	4	3	3	4	3	2	2	3	4	5	3	2	1.5	1
403	100	788	1	1	1	2	3	3	4	2	3	5	3	4	3	4	3	2	3	2	2	2	2	4	2	4	3	4	4	3	2	3	3	3	4	3	2	3	3	4	1	2	2	3	4	4	3	4	4	4	4	3	3	4	2	5	3	4	3	3	3	3	1.5	1
404	100	513	1	1	1	2	1	1	1	1	2	3	2	1	1	1	3	2	1	1	1	2	2	1	4	4	2	5	4	5	5	5	4	2	2	1	2	2	2	5	2	2	4	4	4	2	2	1	3	2	4	4	4	4	2	1	1	2	2	5	2	1	1.5	1
409	100	744	1	1	2	2	3	3	2	3	4	4	2	3	2	2	3	2	2	3	2	2	3	2	2	4	3	3	3	3	2	4	2	2	3	3	2	3	2	2	2	2	2	2	3	3	2	2	2	3	3	2	2	3	2	4	2	3	3	3	2	2	1.5	1
410	100	631	1	1	1	3	2	3	4	2	4	4	3	2	3	2	2	2	3	4	4	3	3	4	4	4	4	4	4	4	3	4	2	3	3	4	2	2	2	2	4	2	3	3	4	4	3	3	2	4	2	3	3	4	3	4	2	4	4	4	4	2	1.5	1
411	100	474	1	1	1	4	2	3	1	3	5	3	1	2	4	3	2	3	1	2	4	3	1	4	4	3	2	3	1	2	4	3	2	2	3	4	5	2	3	2	1	2	4	3	3	2	3	2	3	4	3	1	3	5	4	2	3	1	2	4	3	2	1.5	1
413	100	1203	1	1	1	3	3	3	3	3	4	4	3	3	3	4	4	2	3	3	3	3	3	3	3	3	3	4	5	5	3	5	3	3	4	4	2	2	2	2	2	2	3	3	3	3	3	3	3	4	4	4	3	4	4	4	4	4	4	4	4	3	1.5	1
415	100	335	1	1	1	2	1	3	2	2	4	4	3	4	3	4	1	1	3	2	4	4	2	4	3	2	1	4	4	2	2	3	3	2	4	3	1	1	1	1	4	2	2	2	2	4	3	2	4	5	5	5	4	5	5	3	2	4	4	5	4	2	1.5	1
416	100	211	1	1	1	2	1	1	1	1	1	1	1	1	1	1	1	1	1	1	1	1	1	1	1	3	1	4	4	4	1	4	1	1	1	4	1	1	1	1	1	1	1	1	1	1	1	1	1	4	1	1	1	1	1	1	1	1	4	5	4	1	1.5	1
417	100	217	1	1	1	3	2	2	2	3	4	5	1	3	3	2	3	1	3	4	4	3	2	3	4	5	5	5	5	5	4	5	3	3	4	5	1	2	2	2	2	2	2	2	5	5	4	3	3	4	4	4	5	5	3	3	2	3	3	3	4	2	1.5	1
418	100	8669	1	1	2	1	1	2	2	2	2	4	3	4	3	1	1	1	2	2	2	1	1	3	1	2	4	5	4	4	2	4	2	2	2	2	1	1	1	1	5	1	1	1	2	1	1	2	2	4	3	3	3	4	4	1	1	4	4	2	4	1	1.5	1
425	100	366	1	1	1	4	3	3	3	4	3	5	4	3	3	3	3	1	3	3	2	3	4	3	4	3	2	4	4	3	3	4	4	2	3	3	2	4	4	2	5	3	3	3	3	4	3	4	1	3	3	4	3	3	4	3	3	2	2	3	5	4	1.5	1
430	100	233	1	1	1	1	2	2	2	2	3	3	2	1	2	3	2	1	3	2	1	1	1	1	3	4	3	2	2	2	2	1	1	1	1	2	1	1	1	1	3	1	1	1	3	2	2	1	1	1	1	1	1	4	2	2	1	2	3	4	5	2	1.5	1
431	100	156	1	1	1	4	4	4	4	2	4	5	2	2	2	4	2	2	4	4	4	4	4	5	4	4	3	4	4	4	4	4	4	4	4	4	3	4	2	4	5	2	2	4	4	4	4	4	4	4	4	4	4	4	4	5	4	4	5	4	5	4	1.5	1
432	100	320	1	1	2	3	2	2	4	4	5	5	4	5	4	4	3	1	4	3	2	4	3	4	2	3	2	3	2	2	1	2	2	3	2	2	1	1	1	1	4	1	2	2	4	3	3	3	4	4	2	2	3	4	3	3	2	4	4	3	4	4	1.5	1
434	100	880	1	1	1	3	3	2	2	2	2	2	2	1	2	3	1	1	2	1	1	2	2	1	2	3	4	4	1	4	2	3	3	2	4	2	1	2	2	2	4	2	3	2	1	2	2	1	2	4	3	5	3	4	4	2	1	1	2	2	2	2	1.5	1
436	100	260	1	1	2	3	3	3	3	3	3	4	3	3	3	3	3	2	3	3	3	3	3	3	2	2	3	3	3	3	3	3	3	3	4	4	1	2	2	2	4	1	3	3	2	4	5	4	2	5	4	3	5	5	4	5	3	3	5	2	5	3	1.5	1
438	100	168	1	1	2	3	3	2	3	3	2	4	2	2	3	2	1	4	4	3	2	2	2	2	2	2	2	4	2	2	4	2	4	4	4	1	4	4	4	4	2	1	2	3	5	4	2	2	1	3	2	3	5	5	1	1	4	1	4	5	4	1	1.5	1
441	100	279	1	1	2	3	2	2	3	2	3	4	2	2	3	4	4	2	2	2	3	4	3	3	2	4	2	4	4	3	4	2	2	3	3	3	2	2	2	2	3	2	2	2	3	3	3	2	3	4	4	4	3	4	4	3	2	3	3	4	3	4	1.5	1
443	100	1098	1	1	1	2	2	2	2	1	2	4	1	1	2	1	1	1	2	2	2	1	2	2	3	4	3	3	3	2	2	2	1	1	1	1	1	1	1	1	4	1	1	1	1	1	1	2	1	2	2	1	1	1	2	3	1	1	4	1	4	1	1.5	1
444	100	503	1	1	1	2	2	3	3	2	2	4	2	1	3	2	1	1	1	3	4	3	2	2	3	4	4	4	3	4	3	4	2	1	3	4	2	4	2	4	1	2	2	3	2	4	4	2	2	4	5	4	2	4	3	3	3	3	4	2	4	2	1.5	1
448	100	117	1	1	2	3	2	4	3	2	2	3	2	2	2	2	4	3	3	2	3	4	2	3	2	2	2	3	3	2	4	3	3	2	2	3	2	2	3	3	2	3	3	2	5	3	2	2	4	3	2	2	2	3	3	3	2	2	3	4	4	3	1.5	1
450	100	281	1	1	1	3	3	3	3	2	2	4	3	2	3	3	1	2	4	3	3	3	3	2	2	2	1	3	3	3	3	3	2	3	2	3	2	2	2	3	1	2	3	2	2	3	3	3	3	3	3	3	3	3	2	3	3	3	3	3	3	3	1.5	1
454	100	387	1	2	1	2	2	2	2	2	4	4	2	4	2	4	1	1	4	2	3	3	3	4	3	3	3	3	4	2	3	2	3	2	4	5	2	2	1	1	1	1	3	3	2	3	1	3	3	3	4	4	3	3	2	2	1	4	4	4	4	4	1.5	1
456	100	215	1	1	1	3	3	3	3	3	3	3	3	3	3	3	2	2	2	3	3	3	3	3	3	3	3	3	3	3	3	3	3	3	3	3	1	2	2	2	3	2	2	2	2	2	3	2	2	3	3	3	3	4	3	2	2	3	2	2	4	2	1.5	1
458	100	342	1	1	2	2	1	2	2	2	1	4	1	1	2	2	3	2	2	2	4	4	2	1	3	4	1	5	4	2	4	3	4	1	3	4	2	4	3	3	3	3	3	3	5	5	3	4	3	5	3	3	3	5	3	2	1	3	5	2	5	3	1.5	1
460	100	211	1	1	1	5	5	5	5	4	5	5	4	5	5	5	5	3	5	5	5	4	5	5	5	4	5	5	5	5	5	5	5	5	5	5	3	5	5	5	4	4	4	5	5	5	4	5	5	5	5	5	5	5	5	5	5	5	5	5	5	5	1.5	1
462	100	326	1	1	2	1	3	2	1	2	2	4	2	1	2	2	2	2	3	2	2	1	2	2	2	4	2	3	3	2	2	2	3	4	2	4	2	2	2	3	2	3	3	4	4	4	3	3	3	2	2	4	2	4	3	2	1	2	4	4	4	3	1.5	1
464	100	225	1	1	1	2	2	3	3	2	3	4	2	2	3	4	4	3	4	2	5	2	3	2	2	1	4	4	4	4	4	4	3	4	4	4	4	3	3	4	4	3	4	4	4	4	4	2	2	5	4	4	4	4	4	3	4	2	4	4	5	4	1.5	1
465	100	324	1	1	2	2	2	1	2	2	2	2	3	1	2	2	1	1	2	3	2	1	2	1	2	1	2	3	3	2	1	2	3	3	2	3	2	2	3	3	3	2	3	3	4	3	1	2	1	2	3	3	2	4	3	1	1	3	4	5	3	2	1.5	1
467	100	391	1	1	1	2	3	2	2	3	3	3	3	3	3	2	2	2	3	2	3	3	3	3	3	4	2	2	3	3	3	2	3	3	3	4	2	2	2	3	3	3	3	2	3	3	3	3	3	3	3	3	3	3	3	4	4	3	3	4	3	3	1.5	1
468	100	321	1	1	1	1	1	1	4	5	4	5	5	3	1	4	1	1	1	1	1	1	1	4	3	1	4	3	4	5	5	5	3	4	3	3	1	1	1	1	4	1	1	2	4	1	1	4	4	5	5	5	2	5	5	3	4	5	1	1	3	3	1.5	1
470	100	1351	1	1	1	3	2	3	3	3	4	5	2	2	3	3	3	1	2	2	2	3	3	3	2	5	4	4	4	4	2	4	3	3	2	2	1	2	2	2	2	1	1	3	2	4	4	2	4	4	3	2	2	4	3	1	2	3	3	1	4	3	1.5	1
471	100	235	1	1	2	2	2	2	2	3	4	4	2	2	2	2	2	2	2	3	3	2	2	2	2	2	2	2	4	2	2	2	2	2	2	2	1	2	1	1	1	1	1	1	1	1	1	2	1	1	1	1	1	1	1	2	2	3	3	3	4	3	1.5	1
473	100	453	1	1	1	4	3	3	4	2	5	4	1	4	3	2	1	1	4	3	3	2	4	5	2	4	4	5	5	2	2	4	3	2	4	5	4	4	2	3	5	2	3	3	5	4	4	4	5	5	5	4	4	5	4	4	2	4	5	5	4	4	1.1	1
476	100	290	1	1	1	3	3	4	3	3	4	5	3	3	3	4	2	2	3	3	3	2	3	3	2	4	2	4	4	2	3	3	2	2	3	2	2	2	2	3	2	2	3	2	4	3	2	3	3	4	2	4	4	4	2	3	3	3	3	3	4	3	1.1	1
479	100	318	1	1	2	2	2	2	2	2	2	4	1	2	2	2	1	1	2	2	1	4	2	2	3	2	2	4	4	3	2	4	3	3	2	3	1	2	1	2	1	1	1	2	1	3	3	2	3	3	2	3	3	4	3	2	2	3	3	4	3	2	1.1	1
481	100	207	1	1	1	2	2	2	2	1	1	2	1	1	1	1	1	1	1	1	1	1	1	1	1	1	1	4	4	2	1	1	1	1	1	1	1	1	1	1	4	1	1	1	1	1	1	1	1	1	1	1	1	1	1	1	1	1	1	5	2	1	1.1	1
482	100	167	1	1	1	1	1	1	1	1	1	1	1	1	1	1	1	1	1	1	1	1	1	1	1	1	1	1	1	1	1	1	1	1	1	1	1	1	1	1	1	1	1	1	1	1	1	1	1	1	1	1	1	1	1	1	1	1	1	1	1	1	1.1	1
483	100	234	1	1	1	1	1	1	2	2	1	3	1	1	1	1	1	1	1	1	1	1	1	1	2	1	1	1	1	1	1	1	1	1	1	1	1	1	1	1	1	1	1	1	5	3	2	1	2	4	2	2	1	4	2	1	1	3	3	4	2	2	1.1	1
484	100	326	1	1	1	1	1	1	1	1	2	2	1	2	1	1	1	1	1	2	1	1	2	1	2	1	1	1	1	1	1	1	1	3	1	1	1	1	1	1	1	1	1	1	1	1	1	2	1	2	1	1	1	1	2	1	1	1	1	1	1	1	1.1	1
487	100	824	1	1	1	1	2	2	2	1	2	2	1	1	1	2	2	1	2	1	1	2	2	1	1	1	3	2	2	2	2	1	2	1	3	2	1	1	1	1	2	1	1	2	2	2	1	2	3	3	3	3	3	3	2	1	1	1	1	2	2	1	1.1	1
491	100	502	1	1	2	2	2	2	1	2	3	4	2	4	2	2	2	2	2	1	1	1	2	4	2	4	2	4	4	3	2	2	2	2	1	1	1	1	3	2	3	2	2	2	2	2	2	1	3	4	2	3	3	3	2	3	3	4	4	2	4	3	1.1	1
492	100	691	1	1	2	1	1	2	2	1	2	2	1	1	2	2	1	1	1	1	1	1	1	1	2	2	1	1	1	2	2	1	2	2	2	2	1	1	1	1	2	1	1	1	1	1	1	1	1	1	1	1	1	2	1	1	1	1	1	1	1	1	1.1	1
493	100	327	1	1	2	4	2	3	3	2	4	4	3	2	3	3	2	1	4	3	2	1	2	3	1	2	3	4	4	4	3	4	2	2	2	4	1	2	2	2	2	1	2	2	2	4	3	3	2	4	4	2	2	4	4	2	2	2	2	2	4	2	1.1	1
496	100	234	1	1	2	2	3	2	2	3	3	3	1	1	2	2	1	1	2	1	2	3	2	3	1	3	1	4	3	2	2	1	1	3	2	1	1	1	1	1	4	1	1	1	3	4	3	2	1	4	3	2	3	4	3	1	1	1	3	3	4	1	1.1	1
497	100	223	1	1	2	2	3	3	3	2	3	4	3	3	4	2	1	1	2	2	2	1	2	1	2	2	1	3	3	2	1	1	2	2	4	3	2	2	2	3	1	1	1	1	1	2	2	2	2	4	3	3	4	4	3	2	1	2	5	5	5	3	1.1	1
498	100	370	1	1	1	2	2	2	2	2	2	2	2	2	3	2	2	1	3	2	3	2	2	2	2	2	2	4	3	3	3	2	3	3	3	2	2	2	2	2	3	2	3	2	4	3	3	3	2	2	2	3	3	4	3	3	2	2	3	4	3	3	1.1	1
500	100	319	1	1	2	1	2	2	2	2	1	3	1	1	2	2	1	1	1	1	1	1	2	1	2	2	1	2	2	2	1	2	1	2	1	1	1	1	1	1	1	1	1	1	2	1	1	1	1	1	2	1	1	2	1	2	1	1	1	2	1	2	1.1	1
503	100	591	1	1	1	3	3	3	3	3	3	3	3	2	2	3	2	2	3	2	2	2	3	3	3	3	2	3	3	3	3	3	3	3	2	3	2	2	3	3	4	3	3	3	4	5	3	2	3	3	3	3	3	3	3	3	3	3	4	4	3	3	1.1	1
507	100	182	1	1	2	1	1	1	1	1	1	1	1	1	1	1	2	1	1	1	1	1	1	1	2	2	2	2	2	1	1	2	1	1	1	1	1	1	1	1	1	1	1	1	1	1	1	1	1	1	1	1	1	1	1	1	1	1	1	4	4	1	1.1	1
512	100	255	1	1	2	2	2	3	4	3	3	4	2	3	3	4	3	2	2	2	2	3	3	3	2	2	3	3	3	2	2	4	3	3	2	2	2	2	2	2	3	2	3	3	3	2	2	2	4	4	3	3	3	4	3	3	2	3	4	4	3	2	1.1	1
517	100	356	1	1	2	2	2	3	2	1	2	4	1	1	2	2	1	1	2	2	2	2	2	1	2	1	1	1	2	1	3	1	2	2	1	2	1	1	1	1	1	1	1	1	1	2	2	2	1	2	2	2	2	4	2	1	1	1	3	4	3	2	1.1	1
518	100	375	1	1	1	3	3	3	3	2	2	4	2	1	2	2	1	1	1	1	1	3	2	2	3	3	3	3	4	4	2	4	2	3	2	2	1	1	1	1	2	1	1	1	5	4	3	2	3	4	3	3	2	4	4	2	2	3	4	4	3	2	1.1	1
521	100	568	1	1	2	3	3	3	3	2	4	4	4	3	3	3	4	1	3	2	2	2	2	3	2	3	3	2	2	1	2	1	2	2	2	3	1	1	1	1	3	2	2	2	1	3	3	2	2	3	3	2	2	4	3	3	3	3	3	4	3	3	1.1	1
523	100	523	1	1	1	2	2	2	2	2	2	4	2	2	2	2	1	1	2	2	2	2	2	2	2	3	3	3	3	3	2	3	2	2	2	2	1	1	2	1	4	2	2	2	2	3	3	2	2	2	4	2	2	2	2	2	2	2	1	2	2	2	1.1	1
524	100	458	1	2	2	2	2	2	2	2	2	2	2	3	2	2	1	1	2	1	1	1	2	3	3	3	2	2	2	3	1	1	1	1	2	3	1	2	3	3	3	1	2	2	2	3	3	1	2	2	2	3	2	2	2	3	1	2	3	3	3	1	1.1	1
526	100	341	1	1	1	2	2	2	3	2	2	3	2	2	3	3	2	2	2	2	2	1	2	2	3	4	2	2	2	1	2	2	2	3	2	3	1	3	1	2	3	1	2	3	1	2	3	2	3	4	3	3	3	3	3	2	2	3	3	3	3	2	1.1	1
527	100	269	1	1	2	3	3	3	3	2	2	3	2	2	2	2	1	1	2	2	2	2	2	2	2	2	2	2	2	2	2	2	2	2	3	3	1	2	1	1	1	1	1	1	1	1	1	2	2	4	3	2	3	4	3	2	2	2	2	2	3	2	1.1	1
528	100	527	1	1	2	2	2	2	3	3	2	3	2	3	2	4	2	1	1	2	3	1	2	2	1	1	3	4	4	4	4	4	2	2	1	2	1	1	1	1	4	1	1	1	4	1	4	2	3	4	2	4	3	5	4	2	1	3	5	5	4	1	1.1	1
535	100	481	1	2	2	2	1	2	1	1	2	3	2	2	2	4	5	2	3	1	2	2	2	3	3	2	1	4	3	1	2	2	2	2	3	4	1	2	2	2	3	2	3	2	4	2	2	2	3	5	4	3	3	5	3	3	2	2	5	5	3	2	1.1	1
536	100	394	1	1	1	3	2	3	3	2	3	4	2	2	3	3	2	1	3	2	3	2	2	3	3	3	3	4	4	3	3	3	3	3	3	3	2	2	2	2	2	2	2	2	3	3	3	3	3	4	3	3	3	4	3	3	2	3	4	4	4	3	1.1	1
537	100	384	1	2	2	1	1	2	1	1	1	1	1	2	2	1	1	1	1	2	2	1	1	2	1	3	4	4	4	3	3	1	2	2	2	1	5	3	1	2	2	1	1	1	2	1	1	1	1	1	2	1	1	1	1	1	1	3	4	5	5	1	1.1	1
539	100	394	1	1	2	1	1	1	1	1	2	2	1	1	1	2	1	1	1	1	1	1	1	1	1	1	1	1	1	1	1	1	1	1	2	2	2	2	2	2	2	1	1	2	2	2	2	1	1	3	2	2	2	2	2	2	2	2	3	3	3	2	1.1	1
540	100	410	1	1	2	2	1	4	2	3	3	3	2	2	3	2	1	1	3	2	2	2	1	2	2	2	2	3	3	2	2	3	2	2	2	2	1	1	1	2	1	1	1	2	3	3	2	2	3	3	3	4	4	4	3	2	2	3	3	3	3	2	1.1	1
542	100	723	1	1	2	2	2	2	2	2	2	3	2	2	2	3	1	1	2	2	2	1	2	2	3	2	2	2	2	2	2	2	2	2	3	2	2	3	3	3	3	2	2	3	3	3	3	3	3	3	3	3	4	4	3	2	2	4	4	4	2	3	1.1	1
543	100	291	1	1	2	3	3	3	3	2	3	2	3	3	3	2	2	2	3	3	3	2	3	3	2	2	2	4	4	4	3	2	2	2	3	2	2	2	2	2	1	2	2	2	2	2	3	3	3	3	3	2	2	4	3	3	3	3	4	4	4	4	1.1	1
544	100	493	1	1	2	2	2	2	2	2	3	1	1	1	2	2	1	1	1	1	1	1	2	1	1	3	1	1	2	2	1	1	2	3	1	1	1	1	1	1	1	2	2	1	1	1	1	1	3	1	3	1	1	2	1	2	2	2	2	2	2	2	1.1	1
545	100	424	1	1	2	1	1	3	3	1	4	4	2	4	2	3	1	1	1	3	1	4	4	4	1	4	1	1	1	3	3	1	1	3	4	5	1	1	4	2	4	4	4	4	5	5	3	2	4	4	3	4	3	2	4	4	1	4	5	5	5	1	1.1	1
546	100	255	1	1	2	2	2	2	2	2	3	3	2	2	2	2	2	2	2	3	2	2	2	2	3	3	2	2	2	2	2	2	2	2	2	2	2	2	2	2	3	2	2	2	3	2	2	2	2	2	2	2	2	2	2	2	2	2	2	2	2	2	1.1	1
547	100	390	1	2	2	2	2	2	2	2	2	3	3	3	3	3	3	1	3	3	3	3	3	3	4	4	3	3	4	2	3	2	2	2	2	2	2	2	2	2	2	1	1	3	3	1	2	3	2	1	2	3	2	4	4	1	2	3	4	4	3	2	1.1	1
548	43	12	0	1	2	2	2	2	3	2	3	4	2	2	3	2	2	1	2	2	2	2	2	2	2	3	2	4	4	3	3	3	2	3	2	3	1	2	2	2	2	2	2	2	2	3	3	2	3	4	3	3	3	4	3	2	2	3	3	3	4	2	1.1	1
552	43	16	0	1	2	2	2	2	3	2	3	4	2	2	3	2	2	1	2	2	2	2	2	2	2	3	2	4	4	3	3	3	2	3	2	3	1	2	2	2	2	2	2	2	2	3	3	2	3	4	3	3	3	4	3	2	2	3	3	3	4	2	1.1	1
553	43	21	0	1	1	3	2	3	3	2	3	4	2	2	3	3	2	1	3	2	3	2	2	3	3	3	3	4	4	3	3	3	3	3	3	3	2	2	2	2	2	2	2	2	3	3	3	3	3	4	3	3	3	4	3	3	2	3	4	4	4	3	1.1	1
554	43	13	0	1	2	2	2	2	3	2	3	4	2	2	3	2	2	1	2	2	2	2	2	2	2	3	2	4	4	3	3	3	2	3	2	3	1	2	2	2	2	2	2	2	2	3	3	2	3	4	3	3	3	4	3	2	2	3	3	3	4	2	1.1	1
555	100	354	1	1	1	2	2	2	2	2	4	4	2	2	2	3	1	1	4	3	3	2	2	2	1	4	3	4	4	4	2	4	3	2	1	3	1	1	1	1	1	1	1	1	1	3	4	3	3	4	4	3	3	4	3	2	2	3	4	3	4	2	1.1	1
556	43	10	0	1	1	3	2	3	3	2	3	4	2	2	3	3	2	1	3	2	3	2	2	3	3	3	3	4	4	3	3	3	3	3	3	3	2	2	2	2	2	2	2	2	3	3	3	3	3	4	3	3	3	4	3	3	2	3	4	4	4	3	1.1	1
560	43	78645	0	1	1	3	2	3	3	2	3	4	2	2	3	3	2	1	3	2	3	2	2	3	3	3	3	4	4	3	3	3	3	3	3	3	2	2	2	2	2	2	2	2	3	3	3	3	3	4	3	3	3	4	3	3	2	3	4	4	4	3	1.1	1
561	43	13	0	1	2	2	2	2	3	2	3	4	2	2	3	2	2	1	2	2	2	2	2	2	2	3	2	4	4	3	3	3	2	3	2	3	1	2	2	2	2	2	2	2	2	3	3	2	3	4	3	3	3	4	3	2	2	3	3	3	4	2	1.1	1
563	100	417	1	1	1	2	2	2	2	1	4	4	1	2	3	3	4	1	2	2	2	2	2	1	2	4	1	4	4	4	4	4	4	3	3	3	2	2	3	2	4	3	2	2	4	1	2	3	2	5	1	1	3	5	2	4	1	1	5	5	5	3	1.1	1
567	100	344	1	1	1	3	3	4	4	3	5	5	3	4	3	3	4	2	4	4	4	3	3	4	4	4	4	4	3	3	4	3	3	4	4	4	2	4	2	4	4	3	4	2	4	4	3	3	3	4	4	3	4	4	3	3	3	3	4	4	3	3	1.1	1
568	100	1112	1	1	2	2	2	2	2	2	2	3	1	1	2	2	1	1	3	2	2	2	1	2	2	2	3	3	4	3	3	3	3	3	2	2	1	2	1	2	4	1	2	2	4	3	4	1	1	2	1	2	1	4	1	1	1	2	2	4	4	1	1.1	1
569	100	310	1	1	1	1	1	1	2	1	2	2	1	2	1	1	1	1	1	1	1	2	2	2	1	1	1	2	2	2	3	2	2	3	2	2	1	1	1	1	1	1	1	1	1	2	1	1	1	2	1	2	1	2	1	1	1	1	1	1	1	1	1.1	1
570	100	233	1	1	1	3	2	3	3	2	3	4	2	3	2	2	2	2	2	2	3	3	3	2	2	2	2	4	4	4	2	4	2	2	2	2	1	2	1	2	2	1	1	2	4	3	2	2	2	4	2	2	2	4	4	2	2	3	3	4	2	2	1.1	1
571	100	251	1	1	1	4	3	3	3	3	4	4	3	4	3	3	3	1	3	3	2	2	3	4	2	3	3	3	3	3	3	2	2	3	4	3	1	2	2	1	1	1	2	2	2	3	4	3	3	4	4	4	4	4	3	3	3	3	3	4	4	3	1.1	1
572	100	286	1	1	1	2	2	2	2	1	4	4	1	1	2	2	1	1	1	1	1	1	2	1	2	4	3	4	4	2	2	4	2	1	3	1	1	1	2	2	2	1	1	2	1	4	1	2	2	3	1	2	3	3	2	2	2	1	4	5	4	2	1.1	1
573	100	1386	1	1	1	2	1	1	1	1	2	2	1	1	1	1	1	1	2	1	1	1	1	2	1	1	2	2	4	3	1	2	1	1	1	2	1	1	1	1	2	1	1	1	1	1	1	1	1	3	3	1	3	3	2	1	1	1	2	1	1	1	1.1	1
574	100	252	1	1	1	2	2	2	2	2	4	4	3	2	3	2	1	1	2	2	2	1	1	1	2	2	2	1	2	2	2	3	2	3	2	2	1	1	1	1	1	1	1	1	1	1	1	2	3	4	1	2	3	5	5	3	1	2	1	5	3	2	1.1	1
578	100	285	1	1	1	3	3	3	3	3	3	3	3	3	3	3	3	3	3	3	3	3	3	3	3	3	3	3	3	3	3	3	3	3	3	3	3	3	3	3	3	3	3	3	3	3	3	3	3	3	3	3	3	3	3	3	3	3	3	3	3	3	1.1	1
579	43	28	0	2	2	2	2	2	2	2	2	3	2	3	2	3	2	2	3	3	2	2	2	3	3	4	3	4	4	3	3	2	2	3	2	3	2	2	2	2	2	2	2	2	3	3	2	3	3	3	2	3	3	4	3	2	2	3	4	4	3	2	1.1	1
581	100	198	1	1	1	1	1	1	1	1	3	3	1	1	1	1	1	1	1	1	1	1	1	1	1	1	1	1	1	1	1	1	1	1	1	1	1	1	1	1	1	1	1	1	1	1	1	1	1	1	1	1	1	3	1	1	1	1	4	4	3	1	1.1	1
587	43	8	0	1	1	3	2	3	3	2	3	4	2	2	3	3	2	1	3	2	3	2	2	3	3	3	3	4	4	3	3	3	3	3	3	3	2	2	2	2	2	2	2	2	3	3	3	3	3	4	3	3	3	4	3	3	2	3	4	4	4	3	1.1	1
589	100	236	1	1	1	2	2	2	2	2	3	3	1	4	3	4	4	1	2	1	1	1	2	4	4	4	3	2	2	2	2	2	2	1	4	3	2	3	3	3	3	1	3	3	5	3	3	3	4	5	3	3	4	5	4	3	2	3	5	5	4	2	1.1	1
590	43	13	0	2	2	2	2	2	2	2	2	3	2	3	2	3	2	2	3	3	2	2	2	3	3	4	3	4	4	3	3	2	2	3	2	3	2	2	2	2	2	2	2	2	3	3	2	3	3	3	2	3	3	4	3	2	2	3	4	4	3	2	1.1	1
592	43	26	0	1	2	2	2	2	3	2	3	4	2	2	3	2	2	1	2	2	2	2	2	2	2	3	2	4	4	3	3	3	2	3	2	3	1	2	2	2	2	2	2	2	2	3	3	2	3	4	3	3	3	4	3	2	2	3	3	3	4	2	1.1	1
593	43	16	0	2	2	2	2	2	2	2	2	3	2	3	2	3	2	2	3	3	2	2	2	3	3	4	3	4	4	3	3	2	2	3	2	3	2	2	2	2	2	2	2	2	3	3	2	3	3	3	2	3	3	4	3	2	2	3	4	4	3	2	1.1	1
594	43	55	0	1	2	2	2	2	3	2	3	4	2	2	3	2	2	1	2	2	2	2	2	2	2	3	2	4	4	3	3	3	2	3	2	3	1	2	2	2	2	2	2	2	2	3	3	2	3	4	3	3	3	4	3	2	2	3	3	3	4	2	1.1	1
595	57	300	0	1	2	1	1	1	2	2	3	3	1	2	2	1	2	2	2	2	1	2	2	2	2	3	2	4	4	3	3	3	2	3	2	3	1	2	2	2	2	2	2	2	2	3	3	2	3	4	3	3	3	4	3	2	2	3	3	3	4	2	1.1	1
600	43	122	0	1	2	2	2	2	3	2	3	4	2	2	3	2	2	1	2	2	2	2	2	2	2	3	2	4	4	3	3	3	2	3	2	3	1	2	2	2	2	2	2	2	2	3	3	2	3	4	3	3	3	4	3	2	2	3	3	3	4	2	1.1	1
603	100	356	1	1	1	2	2	2	2	2	4	3	2	2	2	2	2	2	3	3	3	2	2	2	2	2	2	2	2	2	2	3	2	2	2	3	1	2	2	3	2	2	2	2	3	3	2	2	2	2	2	2	2	2	2	2	2	2	2	2	2	2	1.1	1
605	43	17	0	1	2	2	2	2	3	2	3	4	2	2	3	2	2	1	2	2	2	2	2	2	2	3	2	4	4	3	3	3	2	3	2	3	1	2	2	2	2	2	2	2	2	3	3	2	3	4	3	3	3	4	3	2	2	3	3	3	4	2	1.1	1
606	100	235	1	1	1	2	2	3	3	2	3	4	2	2	2	2	2	1	3	2	2	1	2	2	4	3	2	4	2	2	3	2	2	3	2	3	2	2	2	2	2	2	2	2	2	2	2	2	3	3	3	2	2	2	2	2	2	2	3	2	2	2	1.1	1
611	100	278	1	1	2	3	3	3	3	3	3	4	3	3	3	4	4	3	3	3	2	1	3	3	4	5	5	5	5	5	3	5	4	3	5	3	1	1	1	1	3	2	3	1	5	5	3	4	3	5	2	5	5	5	5	5	3	4	5	2	5	3	1.1	1
614	100	415	1	1	1	3	2	3	3	3	3	3	3	2	3	2	1	1	4	2	2	3	3	3	3	4	4	4	4	3	3	3	2	3	2	2	1	2	2	3	2	2	2	2	2	3	3	4	4	4	2	2	2	4	4	3	2	3	4	4	4	3	1.1	1
616	100	403	1	1	1	1	2	2	2	2	1	2	2	3	2	2	1	1	3	3	3	2	2	2	2	1	1	1	1	2	1	1	1	3	2	3	1	1	1	1	4	1	1	1	3	4	2	2	2	4	1	2	3	4	3	1	1	2	4	4	3	2	1.1	1
617	100	307	1	1	1	3	2	2	2	1	3	3	1	1	3	1	1	1	3	3	3	2	1	1	1	2	3	4	3	3	1	1	1	1	2	3	1	1	1	1	5	1	1	1	4	4	3	1	1	3	3	1	3	4	1	1	1	1	4	5	3	1	1.1	1
619	100	236	1	1	1	2	2	2	2	2	2	4	2	3	2	3	4	2	3	2	2	4	2	4	2	3	2	4	4	2	3	3	2	3	2	2	1	2	2	1	5	3	3	2	5	3	3	2	2	5	3	3	2	5	2	3	3	2	5	5	5	3	1.1	1
623	100	650	1	1	1	3	2	3	3	3	4	4	3	4	3	3	2	3	3	4	4	4	4	5	4	3	4	5	5	4	4	4	4	2	3	5	2	2	2	2	2	2	2	2	3	3	4	3	3	4	4	4	4	5	2	3	3	3	3	2	4	3	1.1	1
626	100	44	1	1	1	3	2	3	3	2	3	4	2	2	3	3	2	1	3	2	3	2	2	3	3	3	3	4	4	3	3	3	3	3	3	3	2	2	2	2	2	2	2	2	3	3	3	3	3	4	3	3	3	4	3	3	2	3	4	4	4	3	1.1	1
630	100	266	1	1	2	1	1	1	2	1	3	2	1	1	2	1	1	1	1	1	1	1	1	1	2	2	1	3	3	2	1	4	1	1	1	3	1	1	1	1	3	1	1	1	5	3	2	1	1	2	3	3	2	4	3	1	1	2	4	4	4	1	1.1	1
631	100	318	1	1	1	3	2	2	2	1	3	4	2	2	2	1	1	1	2	1	3	1	1	2	1	2	1	3	1	2	3	2	2	2	3	2	1	2	1	2	1	2	1	2	4	4	3	2	3	4	4	3	2	2	4	2	1	3	3	3	4	2	1.1	1
632	100	613	1	1	1	1	1	1	1	1	2	3	1	1	1	1	1	1	2	1	1	1	1	1	3	3	3	4	4	3	3	3	1	1	3	3	1	1	1	1	1	1	1	1	1	1	1	1	3	3	3	1	1	3	1	1	1	3	3	3	3	1	1.1	1
634	100	208	1	1	1	4	4	4	4	4	4	4	4	4	4	4	2	2	4	3	3	2	3	4	3	2	2	2	2	3	3	3	3	3	3	4	2	3	2	3	2	2	2	3	3	3	3	3	2	4	3	3	5	5	5	3	3	3	5	5	4	3	1.1	1
637	43	23	0	1	1	3	2	3	3	2	3	4	2	2	3	3	2	1	3	2	3	2	2	3	3	3	3	4	4	3	3	3	3	3	3	3	2	2	2	2	2	2	2	2	3	3	3	3	3	4	3	3	3	4	3	3	2	3	4	4	4	3	1.1	1
641	43	27	0	1	1	3	2	3	3	2	3	4	2	2	3	3	2	1	3	2	3	2	2	3	3	3	3	4	4	3	3	3	3	3	3	3	2	2	2	2	2	2	2	2	3	3	3	3	3	4	3	3	3	4	3	3	2	3	4	4	4	3	1.1	1
646	57	94	0	1	1	1	1	1	1	2	2	3	1	3	3	3	2	2	2	1	1	1	2	2	3	3	3	4	4	3	3	3	3	3	3	3	2	2	2	2	2	2	2	2	3	3	3	3	3	4	3	3	3	4	3	3	2	3	4	4	4	3	1.1	1
647	43	30	0	1	1	3	2	3	3	2	3	4	2	2	3	3	2	1	3	2	3	2	2	3	3	3	3	4	4	3	3	3	3	3	3	3	2	2	2	2	2	2	2	2	3	3	3	3	3	4	3	3	3	4	3	3	2	3	4	4	4	3	1.1	1
648	43	30	0	1	2	2	2	2	3	2	3	4	2	2	3	2	2	1	2	2	2	2	2	2	2	3	2	4	4	3	3	3	2	3	2	3	1	2	2	2	2	2	2	2	2	3	3	2	3	4	3	3	3	4	3	2	2	3	3	3	4	2	1.1	1
650	43	56	0	1	1	3	2	3	3	2	3	4	2	2	3	3	2	1	3	2	3	2	2	3	3	3	3	4	4	3	3	3	3	3	3	3	2	2	2	2	2	2	2	2	3	3	3	3	3	4	3	3	3	4	3	3	2	3	4	4	4	3	1.1	1
652	43	26	0	1	2	2	2	2	3	2	3	4	2	2	3	2	2	1	2	2	2	2	2	2	2	3	2	4	4	3	3	3	2	3	2	3	1	2	2	2	2	2	2	2	2	3	3	2	3	4	3	3	3	4	3	2	2	3	3	3	4	2	1.1	1
