"ID"	"Progress"	"Duration (in seconds)"	"Finished"	"class"	"teach"	"Q4_1"	"Q4_2"	"Q4_3"	"Q4_4"	"Q4_5"	"Q4_6"	"Q4_7"	"Q4_8"	"Q4_9"	"Q4_10"	"Q4_11"	"Q4_12"	"Q4_13"	"Q4_14"	"Q4_15"	"Q4_16"	"Q4_17"	"Q4_18"	"Q4_19"	"Q5_1"	"Q5_2"	"Q5_3"	"Q5_4"	"Q5_5"	"Q5_6"	"Q5_7"	"Q5_8"	"Q5_9"	"Q5_10"	"Q5_11"	"Q5_12"	"Q6_1"	"Q6_2"	"Q6_3"	"Q6_4"	"Q6_5"	"Q6_6"	"Q6_7"	"Q6_8"	"Q6_9"	"Q6_10"	"Q6_11"	"Q7_1"	"Q7_2"	"Q7_3"	"Q7_4"	"Q7_5"	"Q7_6"	"Q7_7"	"Q7_8"	"Q7_9"	"Q7_10"	"Q7_11"	"Q7_12"	"Q7_13"	"Q7_14"	"Q7_15"	"version"	"random.split"
1	100	235	1	1	1	3	3	3	3	3	3	3	3	3	3	3	3	3	3	3	3	3	3	3	3	3	3	3	3	3	3	3	3	3	3	3	3	3	3	3	3	3	3	3	4	3	3	3	3	3	3	3	3	3	3	3	3	3	3	3	3	3	1.4	0
4	43	468	0	1	2	2	2	2	3	2	3	4	2	2	3	2	2	1	2	2	2	2	2	2	2	3	2	4	4	3	3	3	2	3	2	3	1	2	2	2	2	2	2	2	2	3	3	2	3	4	3	3	3	4	3	2	2	3	3	3	4	2	1.4	0
7	100	277	1	1	1	2	2	2	2	2	2	3	1	1	2	2	1	1	3	2	2	1	2	1	1	1	2	4	4	2	2	2	2	1	1	3	1	2	1	2	1	1	1	2	1	1	2	1	1	4	2	2	2	4	2	1	1	1	3	4	4	2	1.4	0
10	100	640	1	1	1	1	1	2	2	1	2	3	2	2	2	2	1	1	2	2	3	2	2	2	1	2	3	3	3	3	3	3	2	3	2	2	1	2	1	1	2	1	1	1	5	3	3	2	3	3	3	3	2	3	3	2	2	3	4	4	4	2	1	0
11	100	289	1	1	2	2	1	2	2	1	2	3	1	2	2	1	1	1	1	1	1	1	1	2	1	2	1	4	4	2	1	1	1	1	1	2	1	1	1	1	1	1	1	1	1	1	2	1	2	4	2	1	2	4	1	1	1	1	4	3	3	1	1	0
13	100	366	1	1	2	2	2	3	3	2	4	3	3	2	2	2	2	1	3	3	3	2	2	3	2	4	2	4	4	3	3	4	4	2	2	3	4	4	4	4	2	2	4	3	3	4	4	3	3	4	4	3	4	4	4	3	3	4	4	3	4	3	1	0
17	100	420	1	1	1	2	4	2	3	4	3	4	2	5	2	4	4	4	2	2	2	1	4	5	3	4	3	4	5	3	3	3	3	3	4	5	1	2	1	2	2	2	2	2	3	3	4	3	3	4	5	4	5	5	4	3	2	4	5	5	5	3	1	0
18	100	272	1	1	1	1	1	2	1	1	1	1	1	1	1	1	1	1	1	1	1	1	1	1	1	1	1	1	2	1	2	1	2	2	1	1	1	1	1	1	1	1	1	1	1	1	1	1	1	1	1	1	1	1	1	1	1	1	1	2	2	2	1	0
20	100	262	1	1	1	2	2	2	2	2	3	3	2	3	2	2	3	2	3	3	3	3	2	3	3	3	4	4	4	4	3	4	4	3	2	4	2	2	2	2	3	2	2	3	4	3	3	3	3	4	4	3	3	4	2	3	3	3	3	3	3	2	1	0
22	100	332	1	1	1	2	2	2	2	2	2	2	2	2	2	2	2	1	2	2	2	1	2	2	1	1	1	2	3	2	2	2	2	1	2	2	1	2	1	1	2	1	2	2	1	2	2	1	2	2	1	1	1	2	2	1	1	2	4	3	2	1	1	0
23	100	215	1	1	1	2	2	2	2	2	3	3	2	2	2	2	3	2	3	1	2	2	2	2	2	3	1	1	2	1	2	2	2	1	2	1	1	2	2	2	2	2	2	1	5	3	3	2	2	4	2	2	2	4	3	2	2	2	1	3	2	1	1	0
25	100	567	1	1	2	3	1	2	2	1	2	2	1	3	2	1	1	1	2	2	2	1	2	3	1	1	1	4	4	3	4	3	4	2	1	2	1	1	2	2	1	1	2	1	3	3	3	3	1	5	2	2	3	4	2	1	1	3	4	3	4	2	1	0
27	43	44	0	1	2	2	2	2	3	2	3	4	2	2	3	2	2	1	2	2	2	2	2	2	2	3	2	4	4	3	3	3	2	3	2	3	1	2	2	2	2	2	2	2	2	3	3	2	3	4	3	3	3	4	3	2	2	3	3	3	4	2	1	0
28	100	498	1	1	1	2	2	2	2	2	1	3	2	2	2	1	3	2	3	1	2	1	2	2	2	2	2	3	2	2	2	1	1	1	1	1	3	1	2	2	1	1	2	1	4	3	2	1	2	2	1	2	2	2	1	1	1	1	1	3	2	1	1	0
30	100	270	1	1	1	3	2	3	3	2	3	4	2	2	2	2	1	1	3	2	4	2	2	2	4	4	3	5	5	4	2	4	4	3	1	3	1	2	1	2	2	1	1	2	2	3	3	2	2	3	2	2	3	3	3	2	2	2	2	2	4	2	1	0
35	100	209	1	1	1	2	1	2	3	2	3	3	2	2	3	3	3	2	3	2	2	2	3	3	2	3	3	2	3	3	2	3	3	3	2	3	1	2	2	2	4	2	2	2	3	3	3	2	3	4	4	4	4	5	3	3	3	3	4	5	5	3	1	0
36	100	247	1	1	1	1	1	2	1	1	2	4	1	3	1	1	1	1	2	1	1	1	1	2	1	4	3	4	4	3	1	3	1	1	3	3	1	1	1	1	1	1	1	1	1	1	1	1	1	3	1	1	3	3	1	1	1	1	3	5	4	1	1	0
37	100	237	1	1	2	3	3	3	3	3	3	4	3	3	3	3	3	2	4	3	3	3	3	3	3	3	3	4	4	3	3	3	3	3	3	3	3	2	5	2	3	3	3	3	3	3	3	3	3	4	3	3	4	4	3	3	3	3	4	4	4	3	1	0
38	100	306	1	1	1	2	2	3	2	4	3	3	1	1	2	2	2	1	2	1	2	1	1	2	2	2	3	3	2	2	2	1	2	2	2	2	3	2	2	2	3	2	2	2	2	3	2	2	2	2	1	2	2	3	2	2	2	2	3	4	3	2	1	0
40	100	746	1	1	2	2	3	2	3	3	2	3	3	2	3	2	2	2	3	2	3	3	3	2	3	3	3	3	4	2	2	2	3	3	3	3	2	2	2	2	2	2	2	3	3	2	3	3	3	4	3	3	3	3	3	2	2	2	3	3	3	3	1	0
42	100	156	1	1	2	3	3	3	3	3	3	3	3	4	3	3	2	1	2	2	2	2	3	2	2	2	2	2	3	4	1	5	2	2	2	1	1	1	1	1	4	1	1	2	1	4	1	2	3	4	3	3	3	4	3	2	2	3	3	3	4	2	1	0
44	100	284	1	1	2	1	2	2	1	3	2	4	2	1	3	3	3	2	3	3	2	3	2	2	3	3	3	4	4	3	3	4	4	3	3	3	3	3	3	3	3	3	3	3	3	3	3	3	3	4	4	4	3	4	4	4	1	2	3	3	3	2	1	0
45	100	265	1	1	2	1	1	1	2	1	2	2	1	1	1	2	1	1	1	1	2	3	2	1	2	1	3	3	3	3	3	1	2	3	1	3	1	1	1	1	1	1	1	1	1	1	1	1	1	1	2	2	1	3	3	1	1	1	1	3	4	1	1	0
48	100	237	1	1	2	4	2	2	3	3	1	1	1	3	2	2	1	1	3	3	2	2	2	1	2	2	2	5	5	4	3	2	2	2	3	4	1	3	1	2	2	1	1	1	1	3	1	1	1	2	1	1	1	1	1	3	2	2	5	3	3	3	1	0
50	100	230	1	1	2	1	1	2	1	3	2	2	1	1	1	1	1	1	1	1	2	1	1	3	1	2	3	3	1	3	3	4	2	3	3	1	2	3	3	3	2	2	2	4	1	4	3	3	2	2	2	2	3	3	2	2	4	2	3	2	1	1	1	0
51	100	303	1	1	2	2	2	2	2	2	2	2	2	1	2	2	2	1	2	3	2	1	2	2	1	1	2	3	2	2	2	2	2	2	2	2	1	2	2	2	2	2	2	2	2	2	2	2	2	2	2	2	2	2	2	2	2	2	2	2	2	2	1	0
57	100	1267	1	1	1	3	3	3	3	2	4	5	3	2	2	3	2	1	2	2	3	2	2	2	2	4	3	4	4	3	2	3	3	1	3	3	2	3	2	3	3	2	2	2	2	2	3	3	3	4	4	3	4	4	3	3	3	3	3	3	4	3	1	0
61	100	293	1	1	2	4	4	4	4	4	4	4	4	4	3	4	2	2	2	3	3	3	3	4	4	4	4	4	4	4	2	4	3	2	2	3	2	2	2	2	2	2	2	2	2	3	3	3	3	4	3	3	4	4	3	3	3	3	4	3	4	3	1	0
63	100	227	1	1	1	3	3	3	3	3	3	4	3	3	3	3	3	2	3	3	3	3	3	3	4	4	5	5	5	4	3	5	4	3	3	4	1	2	3	3	3	2	4	3	3	3	3	3	3	5	5	4	5	5	4	3	3	3	5	1	5	3	1	0
64	100	308	1	1	1	2	2	3	2	2	4	4	3	5	3	3	4	3	3	3	3	2	2	4	4	3	4	4	4	3	3	4	4	3	4	4	3	3	3	3	2	3	4	4	3	3	4	3	3	4	3	3	4	4	4	4	4	3	4	5	4	3	1	0
66	100	199	1	1	2	2	1	2	1	2	3	4	2	1	1	2	1	1	1	1	3	1	1	2	1	2	1	4	4	1	1	1	1	3	2	1	1	1	1	1	1	1	1	1	1	3	1	1	1	1	1	1	1	1	1	1	2	1	1	2	1	2	1	0
67	100	289	1	1	1	3	3	3	3	2	4	4	3	4	3	3	2	2	4	3	3	3	3	4	3	2	3	4	3	3	2	2	3	3	2	2	2	1	1	1	1	3	3	2	3	3	3	2	3	4	3	4	4	5	4	3	3	4	4	3	4	3	1	0
68	100	352	1	1	2	1	1	1	1	1	1	2	1	2	2	2	1	1	2	2	1	1	1	1	3	2	2	1	2	2	3	2	1	2	2	1	1	1	1	1	1	1	2	2	1	1	2	2	2	3	2	2	2	3	3	1	1	3	1	3	2	1	1	0
70	100	434	1	1	2	3	3	3	3	2	4	4	4	5	3	3	4	2	3	3	3	2	3	4	4	4	4	5	5	4	3	4	2	3	3	4	2	4	2	5	2	1	3	3	2	3	3	4	3	5	3	3	5	5	3	3	3	3	4	1	5	5	1	0
72	100	494	1	1	2	1	2	2	2	1	1	3	2	2	2	1	1	1	1	1	3	2	2	2	1	1	1	1	4	1	1	1	1	1	2	1	1	2	1	1	1	1	1	1	1	2	1	1	2	2	2	1	2	3	2	1	1	2	3	5	1	1	1	0
73	100	559	1	1	1	4	4	5	4	4	4	4	4	4	4	4	2	2	5	5	5	3	4	4	4	4	5	5	5	5	3	5	5	2	5	5	3	3	2	1	5	2	3	2	5	5	5	5	4	5	2	3	4	5	3	5	4	4	5	4	4	4	1	0
74	100	272	1	1	2	3	3	3	3	3	3	3	2	2	3	2	2	2	3	3	3	3	3	2	3	3	4	4	4	3	3	4	4	3	3	3	3	3	3	2	2	2	2	2	2	3	3	3	3	3	3	3	3	3	3	2	2	2	3	3	3	3	1	0
75	100	629	1	1	1	3	3	3	3	3	2	2	3	2	2	2	2	1	3	3	3	3	3	3	2	4	4	5	5	4	3	4	3	3	4	4	3	3	3	2	2	2	3	3	2	3	3	3	3	5	4	3	4	5	3	3	2	3	5	4	4	3	1	0
76	100	215	1	1	2	3	3	3	3	3	2	3	2	2	3	3	3	2	3	3	3	3	3	2	3	4	4	4	4	3	3	4	3	3	3	3	2	2	2	2	3	2	3	2	2	2	2	3	3	3	2	3	3	3	3	2	2	3	3	3	3	3	1	0
78	100	411	1	1	1	2	2	2	2	2	3	4	1	2	1	2	2	1	1	1	1	1	1	1	3	3	3	3	3	3	3	3	3	3	4	3	1	2	1	2	2	1	1	2	1	2	2	1	2	2	2	1	3	3	3	1	1	3	4	3	3	1	1	0
79	100	677	1	1	2	2	2	2	1	1	4	4	2	2	2	1	1	1	2	2	2	3	2	2	3	4	3	4	4	3	2	2	1	3	2	3	2	2	2	2	5	2	2	2	1	3	2	2	2	4	2	2	4	4	2	2	2	2	4	4	4	2	1	0
81	100	285	1	1	1	2	3	3	3	2	2	4	2	4	3	3	1	1	3	3	3	1	3	4	3	3	3	4	4	4	3	4	4	3	4	3	1	1	1	3	2	2	2	2	4	3	3	3	3	4	4	4	4	4	3	3	3	3	4	4	4	3	1	0
82	100	170	1	1	1	2	2	2	2	3	2	3	2	2	2	2	3	2	2	2	2	2	2	2	4	4	3	4	4	2	4	4	4	4	3	3	2	2	2	2	3	2	2	2	2	3	2	3	2	3	3	2	2	4	2	4	1	2	4	1	4	2	1	0
83	100	261	1	1	1	3	2	2	2	4	5	5	3	3	3	2	3	2	4	4	4	1	3	3	4	4	3	5	5	4	4	4	4	4	4	4	4	3	3	3	3	3	4	3	4	3	4	4	4	4	3	3	3	5	3	3	3	3	5	4	4	3	1	0
84	100	684	1	1	1	3	2	3	3	3	3	4	2	2	2	2	2	1	3	2	2	1	2	2	3	3	3	3	3	3	2	3	2	2	2	2	1	2	1	2	2	1	2	2	4	3	2	2	3	2	2	2	3	4	2	3	2	2	4	4	4	2	1	0
86	100	322	1	1	1	2	2	3	3	2	3	3	3	3	2	2	2	2	3	2	3	2	2	2	2	3	3	3	4	3	2	3	3	2	2	2	2	2	2	2	2	2	2	2	2	3	2	2	2	2	2	2	2	2	2	3	3	2	3	3	3	3	1	0
89	100	193	1	1	1	3	3	3	3	3	3	4	3	3	3	3	3	3	3	3	3	3	3	3	3	3	3	4	4	4	4	4	3	3	4	4	2	3	3	3	3	2	3	3	3	3	3	3	3	5	3	4	4	4	3	3	3	3	4	3	3	3	1	0
92	100	317	1	1	1	2	2	2	2	2	4	4	2	3	3	2	2	2	3	3	3	2	2	2	3	4	2	5	5	3	4	3	4	2	3	4	4	5	2	4	4	2	2	3	5	3	3	3	3	5	4	4	4	4	4	2	2	4	5	5	5	2	1	0
95	100	186	1	1	1	4	3	3	3	2	3	5	2	2	1	2	1	1	4	3	3	3	2	3	4	4	4	4	3	4	1	3	2	3	4	3	1	1	1	4	1	1	1	1	1	3	1	2	2	4	5	5	5	5	5	5	2	5	5	5	5	1	1	0
97	100	378	1	1	1	3	2	3	3	2	2	3	4	4	3	3	1	1	3	3	3	3	3	3	2	3	3	3	3	3	3	3	3	3	3	3	1	1	1	1	2	1	1	1	3	3	3	3	3	4	3	3	4	4	3	3	3	3	3	3	4	3	1	0
99	100	974	1	1	1	2	1	2	2	2	4	4	1	3	2	2	1	1	2	2	2	2	2	3	3	3	3	3	3	3	2	3	1	1	2	2	2	2	2	2	2	1	2	1	4	3	2	2	3	4	2	2	3	4	3	3	2	2	3	4	4	3	1	0
100	100	392	1	1	1	1	1	1	1	1	1	1	1	1	1	1	1	1	1	1	1	1	1	1	2	2	1	1	1	1	1	1	1	1	1	1	1	2	1	2	1	1	1	1	1	1	1	1	1	1	1	1	1	1	1	1	1	1	1	2	1	1	1	0
101	100	381	1	1	2	3	3	3	3	1	2	3	2	2	3	3	4	1	3	3	3	3	3	3	4	3	3	3	4	3	3	4	1	3	1	2	1	1	1	1	4	2	2	1	2	2	3	3	3	4	2	3	3	4	3	2	1	3	4	4	3	3	1	0
102	100	793	1	1	1	3	3	3	3	3	3	4	3	3	2	5	4	3	3	1	2	3	2	4	3	5	4	3	3	3	2	3	3	2	3	3	1	1	1	2	4	2	2	2	3	4	4	3	2	4	3	4	3	4	2	3	3	2	4	2	3	3	1	0
105	100	280	1	1	1	3	4	4	4	4	4	5	5	2	3	4	5	4	4	5	5	4	4	3	5	5	5	5	5	4	5	5	5	5	5	4	2	3	4	4	4	3	4	5	5	5	5	4	4	5	4	3	4	5	5	4	3	4	4	4	4	4	1	0
107	100	58617	1	1	2	3	2	3	3	1	2	3	3	3	3	3	2	2	3	2	2	1	3	3	3	3	3	3	3	2	3	3	2	3	4	3	2	2	2	3	3	2	2	2	2	2	3	2	3	4	3	3	3	3	2	3	2	3	3	3	3	3	1	0
112	100	285	1	1	1	4	4	4	4	4	4	4	3	4	3	4	3	2	4	4	4	3	3	5	3	3	3	5	4	4	3	4	3	3	5	5	2	3	3	3	3	3	3	3	3	4	4	3	4	5	4	5	4	5	4	4	4	4	4	4	4	3	1	0
113	100	4548	1	1	1	3	3	3	3	3	4	5	3	2	3	3	1	1	3	2	1	2	3	3	3	3	3	2	2	3	4	4	5	5	3	3	1	2	1	3	1	2	3	5	5	5	5	3	2	3	3	3	3	3	3	3	3	3	4	3	2	3	1	0
114	100	300	1	1	1	3	3	3	3	4	3	5	4	5	3	4	4	2	3	3	3	3	3	5	5	5	5	5	5	5	3	3	3	3	4	4	3	4	3	4	2	3	3	3	5	3	3	3	3	5	5	5	4	4	3	4	3	3	3	3	3	3	1	0
115	100	244	1	2	2	2	2	2	2	3	3	3	2	3	3	2	2	2	3	3	3	2	2	3	3	4	4	4	4	4	2	4	3	2	3	3	2	3	2	3	2	2	2	2	4	4	4	3	3	4	2	3	4	4	3	4	3	3	4	4	4	3	1	0
117	100	405	1	1	2	1	1	2	1	2	1	5	1	1	1	1	1	1	1	1	1	1	1	1	2	1	1	5	1	1	1	1	1	3	1	1	1	1	1	1	1	1	1	1	1	1	1	1	1	5	1	1	1	5	1	1	1	1	1	1	1	1	1	0
121	100	213	1	1	1	3	3	3	3	3	3	4	3	4	3	3	4	2	3	4	4	4	3	5	2	4	4	5	5	4	3	4	4	3	5	4	2	3	1	1	1	2	2	2	4	4	4	3	4	4	4	4	4	4	3	4	3	3	4	4	4	3	1	0
122	100	2218	1	1	1	2	2	3	3	2	2	4	2	2	3	2	1	1	1	2	1	1	2	2	3	4	3	4	4	4	3	3	3	3	3	2	1	1	1	1	2	3	2	2	3	3	4	3	4	5	4	3	3	4	4	3	2	4	4	4	4	3	1	0
124	100	264	1	1	1	3	3	3	3	3	3	4	3	3	3	3	3	2	2	2	2	1	3	3	3	3	2	3	3	2	2	3	3	2	3	3	2	3	2	3	2	2	3	2	2	2	3	3	3	4	4	3	3	3	2	3	2	3	2	4	3	2	1	0
125	100	167259	1	1	1	3	3	3	3	3	4	5	3	3	3	3	3	3	4	4	4	3	3	4	3	3	3	3	3	3	4	3	3	3	4	4	3	3	4	3	4	3	4	4	4	3	4	4	3	5	3	3	4	4	3	3	3	3	4	4	4	3	1	0
127	43	3398	0	1	1	3	2	3	3	2	3	4	2	2	3	3	2	1	3	2	3	2	2	3	3	3	3	4	4	3	3	3	3	3	3	3	2	2	2	2	2	2	2	2	3	3	3	3	3	4	3	3	3	4	3	3	2	3	4	4	4	3	1	0
130	43	7	0	1	2	2	2	2	3	2	3	4	2	2	3	2	2	1	2	2	2	2	2	2	2	3	2	4	4	3	3	3	2	3	2	3	1	2	2	2	2	2	2	2	2	3	3	2	3	4	3	3	3	4	3	2	2	3	3	3	4	2	1	0
133	86	863	0	1	2	2	2	3	3	3	3	4	2	3	5	2	2	1	3	2	1	4	3	3	2	1	1	4	4	2	2	1	1	1	1	1	1	1	3	2	2	1	2	2	3	1	2	2	3	4	3	3	3	4	3	2	2	3	3	3	4	2	1	0
134	43	15	0	1	2	2	2	2	3	2	3	4	2	2	3	2	2	1	2	2	2	2	2	2	2	3	2	4	4	3	3	3	2	3	2	3	1	2	2	2	2	2	2	2	2	3	3	2	3	4	3	3	3	4	3	2	2	3	3	3	4	2	1	0
138	43	8	0	1	2	2	2	2	3	2	3	4	2	2	3	2	2	1	2	2	2	2	2	2	2	3	2	4	4	3	3	3	2	3	2	3	1	2	2	2	2	2	2	2	2	3	3	2	3	4	3	3	3	4	3	2	2	3	3	3	4	2	1	0
139	43	6	0	1	2	2	2	2	3	2	3	4	2	2	3	2	2	1	2	2	2	2	2	2	2	3	2	4	4	3	3	3	2	3	2	3	1	2	2	2	2	2	2	2	2	3	3	2	3	4	3	3	3	4	3	2	2	3	3	3	4	2	1	0
141	57	103	0	1	2	3	3	3	3	3	3	3	3	2	3	3	2	2	2	2	2	2	3	3	2	3	2	4	4	3	3	3	2	3	2	3	1	2	2	2	2	2	2	2	2	3	3	2	3	4	3	3	3	4	3	2	2	3	3	3	4	2	1	0
145	43	18	0	1	1	3	2	3	3	2	3	4	2	2	3	3	2	1	3	2	3	2	2	3	3	3	3	4	4	3	3	3	3	3	3	3	2	2	2	2	2	2	2	2	3	3	3	3	3	4	3	3	3	4	3	3	2	3	4	4	4	3	1	0
146	43	9	0	1	2	2	2	2	3	2	3	4	2	2	3	2	2	1	2	2	2	2	2	2	2	3	2	4	4	3	3	3	2	3	2	3	1	2	2	2	2	2	2	2	2	3	3	2	3	4	3	3	3	4	3	2	2	3	3	3	4	2	1	0
148	43	13	0	2	2	2	2	2	2	2	2	3	2	3	2	3	2	2	3	3	2	2	2	3	3	4	3	4	4	3	3	2	2	3	2	3	2	2	2	2	2	2	2	2	3	3	2	3	3	3	2	3	3	4	3	2	2	3	4	4	3	2	1	0
151	100	379	1	1	2	3	3	3	3	2	4	4	3	4	3	2	1	1	3	3	5	2	3	3	2	4	4	5	5	3	3	3	3	3	3	4	1	1	1	1	1	1	2	1	3	3	2	1	3	3	1	1	2	4	3	1	1	3	1	4	5	2	1	0
154	43	28	0	1	1	3	2	3	3	2	3	4	2	2	3	3	2	1	3	2	3	2	2	3	3	3	3	4	4	3	3	3	3	3	3	3	2	2	2	2	2	2	2	2	3	3	3	3	3	4	3	3	3	4	3	3	2	3	4	4	4	3	1	0
156	43	4620	0	1	2	2	2	2	3	2	3	4	2	2	3	2	2	1	2	2	2	2	2	2	2	3	2	4	4	3	3	3	2	3	2	3	1	2	2	2	2	2	2	2	2	3	3	2	3	4	3	3	3	4	3	2	2	3	3	3	4	2	1	0
158	43	113	0	1	1	3	2	3	3	2	3	4	2	2	3	3	2	1	3	2	3	2	2	3	3	3	3	4	4	3	3	3	3	3	3	3	2	2	2	2	2	2	2	2	3	3	3	3	3	4	3	3	3	4	3	3	2	3	4	4	4	3	1	0
168	43	50	0	1	1	3	2	3	3	2	3	4	2	2	3	3	2	1	3	2	3	2	2	3	3	3	3	4	4	3	3	3	3	3	3	3	2	2	2	2	2	2	2	2	3	3	3	3	3	4	3	3	3	4	3	3	2	3	4	4	4	3	1	0
169	43	8	0	1	2	2	2	2	3	2	3	4	2	2	3	2	2	1	2	2	2	2	2	2	2	3	2	4	4	3	3	3	2	3	2	3	1	2	2	2	2	2	2	2	2	3	3	2	3	4	3	3	3	4	3	2	2	3	3	3	4	2	1	0
171	43	407	0	1	1	3	2	3	3	2	3	4	2	2	3	3	2	1	3	2	3	2	2	3	3	3	3	4	4	3	3	3	3	3	3	3	2	2	2	2	2	2	2	2	3	3	3	3	3	4	3	3	3	4	3	3	2	3	4	4	4	3	1	0
172	43	30	0	1	2	2	2	2	3	2	3	4	2	2	3	2	2	1	2	2	2	2	2	2	2	3	2	4	4	3	3	3	2	3	2	3	1	2	2	2	2	2	2	2	2	3	3	2	3	4	3	3	3	4	3	2	2	3	3	3	4	2	1	0
173	100	337	1	1	1	2	2	2	2	2	3	3	3	1	1	1	1	1	2	2	1	1	1	2	2	2	1	3	3	2	2	1	1	1	2	2	1	2	1	2	2	1	1	2	4	3	2	1	2	3	1	2	2	2	1	1	1	2	1	4	2	1	1.2	0
174	100	273	1	1	1	2	2	3	2	3	4	4	2	2	3	3	2	2	3	2	1	1	3	2	4	4	5	5	5	3	4	5	4	3	3	2	1	1	2	1	4	1	2	2	5	3	5	2	3	4	2	2	3	4	3	2	2	3	4	4	4	2	1.2	0
175	100	207	1	1	1	3	3	3	3	3	3	3	3	3	3	3	3	2	3	3	3	1	3	3	2	3	3	4	4	3	2	3	3	3	3	3	2	2	3	2	2	2	3	2	4	3	3	3	2	4	3	3	4	4	2	2	2	3	4	3	4	1	1.2	0
180	100	288	1	1	1	4	4	3	3	4	4	2	3	4	3	3	4	5	3	3	2	4	4	3	2	2	2	5	5	3	3	3	2	3	3	3	1	1	2	1	5	2	2	1	5	3	4	2	3	4	2	3	4	5	4	3	3	3	5	5	5	3	1.2	0
182	100	239	1	1	1	4	3	3	3	2	3	4	3	4	3	3	3	2	4	3	3	3	3	3	3	4	4	4	4	3	3	4	3	3	3	3	2	3	3	3	3	2	3	3	3	3	3	3	3	4	3	3	3	4	3	3	2	3	4	3	4	3	1.2	0
183	100	223	1	1	1	2	1	2	2	1	1	4	3	4	2	3	3	1	3	3	3	4	2	3	1	3	2	4	4	3	4	4	2	3	2	2	1	2	2	4	2	2	3	3	5	4	4	2	3	3	3	3	4	4	4	3	2	3	1	4	3	1	1.2	0
188	100	373	1	1	1	3	2	2	3	1	3	1	1	1	2	2	1	1	3	3	3	1	2	1	4	4	4	4	4	4	3	3	3	3	3	3	1	1	1	1	3	1	1	1	1	3	3	3	3	3	3	3	2	1	1	3	2	3	3	2	3	3	1.2	0
189	100	241	1	1	1	4	3	4	3	3	4	4	3	2	3	3	4	2	3	3	4	2	3	3	3	4	5	5	5	4	3	5	4	3	4	4	2	3	4	4	3	2	3	2	3	3	4	4	3	4	3	3	4	4	3	4	4	3	4	4	4	4	1.2	0
192	100	327	1	1	1	2	1	3	2	1	1	2	2	2	2	2	2	1	3	3	3	2	2	2	2	4	2	1	2	3	3	2	3	2	3	3	2	2	2	3	2	2	2	2	1	1	2	2	2	3	3	2	2	3	3	2	1	2	2	4	3	1	1.2	0
193	100	314	1	1	2	3	3	3	3	1	2	3	2	1	1	2	1	1	3	2	3	1	2	1	1	4	3	4	4	4	1	4	1	2	1	1	1	1	1	2	1	1	1	1	1	2	3	2	1	4	1	1	1	4	1	1	1	1	1	5	3	1	1.2	0
194	100	382	1	1	1	2	2	3	2	1	2	4	4	3	2	2	2	1	3	2	1	1	2	3	1	3	4	3	3	3	1	3	3	1	3	3	1	2	1	2	3	1	2	2	1	3	2	2	3	4	2	2	1	2	1	1	1	2	3	4	2	1	1.2	0
195	100	311	1	1	1	3	2	3	3	3	3	4	3	3	2	3	1	1	3	3	2	3	2	3	1	5	2	4	4	3	3	3	2	3	4	2	1	1	3	2	2	1	3	2	4	3	2	2	3	5	3	2	3	5	3	3	2	2	5	5	5	3	1.2	0
196	100	300	1	1	2	1	1	2	3	1	4	4	1	3	2	1	1	1	3	2	1	1	2	3	3	4	3	4	4	3	2	4	3	3	1	3	1	2	2	2	3	2	2	2	2	3	3	1	3	2	3	3	3	3	2	3	2	3	4	4	4	2	1.2	0
198	100	575	1	1	1	3	2	3	2	2	3	4	3	2	3	2	1	1	3	2	1	1	2	2	3	4	2	4	4	4	3	4	4	2	3	3	2	2	3	1	2	1	2	1	2	4	4	2	3	4	2	2	4	5	3	3	2	3	2	4	5	2	1.2	0
199	100	333	1	1	1	3	1	1	3	2	3	4	2	1	1	2	4	2	4	2	2	1	1	1	1	2	2	2	2	1	3	3	1	1	3	3	1	3	1	1	4	1	1	4	5	4	2	4	2	5	4	5	5	4	4	4	3	3	5	5	4	2	1.2	0
201	100	246	1	1	1	3	2	3	3	2	2	3	2	4	3	2	2	1	3	3	3	2	3	2	2	2	2	4	4	3	3	3	3	1	3	3	2	1	2	1	2	1	3	2	3	3	3	2	3	4	3	3	3	4	3	3	1	3	2	4	4	2	1.2	0
206	100	163	1	1	1	1	1	1	1	1	1	1	1	1	1	1	1	1	1	1	1	1	1	1	1	1	1	1	1	1	1	1	1	1	1	1	1	1	1	1	5	1	1	1	5	5	1	1	1	1	1	1	4	1	1	1	1	2	4	5	3	1	1.2	0
208	100	311	1	1	1	4	2	3	4	3	5	5	4	4	4	4	4	2	4	2	2	2	3	4	4	4	4	4	4	4	4	3	3	2	3	4	1	2	2	2	3	2	4	3	5	2	4	3	4	5	4	4	4	5	4	3	2	4	3	5	4	2	1.2	0
213	100	420	1	1	1	3	3	3	3	3	3	4	4	4	3	4	4	4	4	4	4	4	3	4	4	4	5	5	5	4	4	4	4	4	4	4	4	4	2	4	2	5	5	4	5	5	5	5	5	4	4	4	5	5	4	5	4	3	4	3	5	2	1.2	0
214	100	262	1	2	1	3	3	3	3	2	3	4	2	4	2	2	2	2	3	2	3	2	2	2	4	4	3	4	4	3	3	2	2	2	3	3	2	3	2	2	4	2	3	2	2	2	4	2	2	4	2	4	3	3	2	2	2	3	4	4	2	1	1.2	0
215	100	372	1	1	1	3	2	3	2	3	4	5	3	3	3	4	3	1	3	2	3	3	3	3	3	5	3	4	4	3	3	4	3	3	3	2	4	4	4	4	3	2	3	3	4	1	4	3	3	3	2	4	3	4	3	3	3	2	4	5	4	3	1.2	0
221	100	423	1	1	1	3	2	3	3	3	4	5	2	2	3	4	4	3	5	4	4	4	3	3	5	3	4	5	4	4	4	5	5	5	5	4	4	4	4	5	5	5	4	5	5	5	5	4	4	5	5	5	5	5	5	5	3	5	5	5	5	3	1.2	0
223	100	1370	1	1	1	2	2	3	2	3	3	4	3	1	3	3	2	1	4	3	3	2	2	3	4	3	3	4	4	3	3	3	4	3	4	3	1	2	2	2	2	1	2	2	4	4	3	2	2	5	2	3	4	5	3	1	2	2	4	4	4	3	1.2	0
226	100	244	1	1	1	2	2	2	2	2	2	3	2	3	2	2	2	2	3	2	3	2	2	3	3	3	2	3	3	3	2	2	2	2	2	2	2	2	2	3	2	2	2	2	2	3	2	2	3	3	3	2	2	3	3	3	2	3	3	3	3	2	1.2	0
229	100	220	1	1	1	2	2	2	2	2	3	5	1	3	2	2	2	1	3	3	3	2	2	2	2	3	3	4	4	3	3	4	3	3	3	3	2	2	2	3	2	2	2	2	1	3	3	3	3	3	3	3	4	4	3	2	2	3	3	3	3	2	1.2	0
230	100	234	1	1	1	3	3	3	3	2	4	4	3	3	3	3	2	1	3	2	4	3	3	3	3	4	2	4	4	4	2	4	3	3	2	2	2	3	2	2	2	1	2	2	2	4	2	2	2	4	2	4	4	5	3	3	2	2	4	5	4	2	1.2	0
233	57	94	0	1	1	5	5	5	4	5	5	5	5	5	5	5	5	5	5	5	5	5	5	5	3	3	3	4	4	3	3	3	3	3	3	3	2	2	2	2	2	2	2	2	3	3	3	3	3	4	3	3	3	4	3	3	2	3	4	4	4	3	1.2	0
234	43	16	0	1	2	2	2	2	3	2	3	4	2	2	3	2	2	1	2	2	2	2	2	2	2	3	2	4	4	3	3	3	2	3	2	3	1	2	2	2	2	2	2	2	2	3	3	2	3	4	3	3	3	4	3	2	2	3	3	3	4	2	1.2	0
236	43	11	0	1	1	3	2	3	3	2	3	4	2	2	3	3	2	1	3	2	3	2	2	3	3	3	3	4	4	3	3	3	3	3	3	3	2	2	2	2	2	2	2	2	3	3	3	3	3	4	3	3	3	4	3	3	2	3	4	4	4	3	1.2	0
240	43	7	0	1	2	2	2	2	3	2	3	4	2	2	3	2	2	1	2	2	2	2	2	2	2	3	2	4	4	3	3	3	2	3	2	3	1	2	2	2	2	2	2	2	2	3	3	2	3	4	3	3	3	4	3	2	2	3	3	3	4	2	1.2	0
242	71	243	0	1	1	3	2	3	3	2	4	5	2	4	3	2	4	2	3	1	2	1	2	3	2	4	4	3	5	4	2	4	3	1	2	4	2	2	2	2	2	2	2	2	3	3	3	3	3	4	3	3	3	4	3	3	2	3	4	4	4	3	1.2	0
243	43	37	0	2	2	2	2	2	2	2	2	3	2	3	2	3	2	2	3	3	2	2	2	3	3	4	3	4	4	3	3	2	2	3	2	3	2	2	2	2	2	2	2	2	3	3	2	3	3	3	2	3	3	4	3	2	2	3	4	4	3	2	1.2	0
244	57	128	0	1	1	4	4	4	4	4	4	4	4	4	4	4	4	4	4	4	4	3	4	3	3	3	3	4	4	3	3	3	3	3	3	3	2	2	2	2	2	2	2	2	3	3	3	3	3	4	3	3	3	4	3	3	2	3	4	4	4	3	1.2	0
245	43	117	0	1	2	2	2	2	3	2	3	4	2	2	3	2	2	1	2	2	2	2	2	2	2	3	2	4	4	3	3	3	2	3	2	3	1	2	2	2	2	2	2	2	2	3	3	2	3	4	3	3	3	4	3	2	2	3	3	3	4	2	1.2	0
249	43	7	0	1	1	3	2	3	3	2	3	4	2	2	3	3	2	1	3	2	3	2	2	3	3	3	3	4	4	3	3	3	3	3	3	3	2	2	2	2	2	2	2	2	3	3	3	3	3	4	3	3	3	4	3	3	2	3	4	4	4	3	1.2	0
250	43	18	0	2	2	2	2	2	2	2	2	3	2	3	2	3	2	2	3	3	2	2	2	3	3	4	3	4	4	3	3	2	2	3	2	3	2	2	2	2	2	2	2	2	3	3	2	3	3	3	2	3	3	4	3	2	2	3	4	4	3	2	1.2	0
254	57	38	0	2	1	1	2	2	2	2	2	3	2	2	2	2	1	1	2	2	2	2	2	2	2	2	2	3	4	2	3	2	2	2	2	2	2	2	1	1	2	1	2	2	2	2	2	2	2	2	2	2	3	3	2	2	1	2	3	3	3	2	1.2	0
258	100	410	1	1	2	3	3	2	3	4	5	4	2	2	3	4	2	2	4	4	4	4	4	2	4	4	4	5	5	4	2	4	4	4	4	5	1	2	2	1	4	2	2	2	3	4	5	4	3	4	3	3	3	4	4	3	3	3	3	4	4	4	1.5	0
260	100	121	1	1	2	2	3	3	3	1	2	4	2	3	3	3	3	2	2	2	4	4	2	3	3	2	3	3	3	2	4	2	2	1	2	2	3	2	1	2	3	1	2	3	3	5	3	1	3	2	3	3	3	3	2	2	1	3	4	2	1	3	1.5	0
261	100	83	1	1	1	3	3	3	3	3	3	3	3	3	3	3	3	3	3	4	4	4	3	3	3	3	3	3	3	3	3	3	3	3	3	3	3	3	4	3	4	3	3	4	3	3	4	3	3	3	3	4	3	3	4	3	4	3	4	3	4	3	1.5	0
262	100	120	1	1	2	3	2	2	3	2	2	2	2	2	3	2	2	1	1	2	2	2	3	2	3	2	1	2	2	2	2	2	2	2	2	2	1	1	1	1	1	1	1	1	1	1	1	1	2	2	1	1	2	2	1	2	1	2	1	3	3	2	1.5	0
264	100	102	1	2	2	1	1	1	1	1	1	1	1	1	1	1	1	1	1	1	1	1	1	1	1	1	1	1	1	1	1	1	1	1	1	1	1	1	1	1	1	1	1	1	1	1	1	1	1	1	1	1	1	1	1	1	1	1	1	1	1	1	1.5	0
265	100	110	1	1	1	2	2	2	2	1	1	2	2	1	2	1	1	1	2	1	1	1	2	2	1	1	1	1	2	1	1	1	1	1	1	1	1	2	2	2	2	1	1	1	1	1	1	2	2	1	1	1	2	2	2	1	1	2	2	2	2	2	1.5	0
266	100	198	1	1	1	3	3	3	3	3	3	5	3	3	3	3	4	2	3	3	3	3	3	3	4	3	4	3	3	4	3	4	4	4	3	3	2	2	2	3	4	2	3	3	3	3	3	3	4	4	4	4	4	4	4	5	5	4	4	4	3	4	1.5	0
267	100	202	1	1	2	2	3	3	3	3	4	5	1	3	3	4	4	2	2	3	4	2	2	2	2	4	3	4	3	2	4	3	2	3	3	3	3	4	2	3	2	3	2	3	4	4	4	3	4	5	4	4	4	5	2	3	3	3	4	4	3	4	1.5	0
268	100	220	1	1	1	4	3	3	3	4	5	5	3	4	3	3	3	2	3	3	5	4	3	3	4	4	3	4	3	3	3	3	3	4	3	3	3	4	2	3	2	2	3	3	3	4	3	3	4	4	3	3	3	4	3	4	3	3	4	3	3	3	1.5	0
271	100	232	1	1	2	3	3	3	3	2	4	5	3	2	4	3	2	2	3	3	3	4	3	3	2	2	3	3	3	3	3	4	4	3	3	3	4	4	5	4	4	4	4	4	2	4	3	3	3	4	3	3	3	4	3	3	2	3	4	4	4	3	1.5	0
272	100	178	1	1	2	3	2	3	4	1	3	4	2	2	3	3	4	1	2	2	2	2	3	2	2	2	1	4	4	2	2	1	2	3	2	4	2	2	2	1	2	2	1	2	4	2	2	2	3	4	4	2	2	3	3	3	2	3	4	3	5	2	1.5	0
277	100	238	1	1	2	3	3	3	3	3	3	4	3	3	3	4	3	3	3	3	3	3	3	4	3	3	3	3	3	3	3	3	3	3	3	3	3	3	3	3	3	3	3	3	4	3	3	4	3	3	3	3	3	3	3	4	3	4	4	4	4	3	1.5	0
278	100	92	1	1	2	3	3	3	3	3	3	3	3	3	3	3	3	3	3	3	3	3	3	3	3	3	3	3	3	3	3	3	3	3	3	3	3	3	3	3	3	3	3	3	3	3	3	3	3	3	3	3	3	3	3	3	3	3	3	3	3	3	1.5	0
282	100	117	1	1	1	3	2	2	2	3	2	3	2	2	3	3	3	2	3	2	3	2	2	3	2	3	3	2	2	2	3	3	2	2	3	3	3	2	2	3	2	2	3	2	2	2	3	2	2	2	3	3	2	3	3	2	3	2	2	2	3	3	1.5	0
283	100	152	1	1	1	3	3	3	3	3	3	4	3	2	3	3	2	1	3	3	3	3	3	2	3	2	2	5	5	4	2	4	4	4	4	2	1	1	1	1	2	1	1	1	2	4	3	2	3	3	3	3	4	4	3	3	3	3	4	4	5	4	1.5	0
284	100	180	1	1	1	3	3	3	3	3	3	3	3	3	3	3	2	2	3	2	2	2	3	3	3	2	2	2	2	2	2	2	2	3	3	2	1	1	1	1	1	1	1	1	4	2	3	3	3	3	3	3	3	3	3	2	2	3	3	3	2	3	1.5	0
286	100	254	1	1	2	1	2	1	2	2	1	4	2	1	2	1	2	1	1	1	1	1	1	1	3	2	3	3	3	3	3	3	1	1	3	4	1	1	1	1	1	2	4	2	5	4	4	2	2	4	1	4	2	5	4	1	1	2	4	5	3	2	1.5	0
287	100	182	1	1	1	2	4	4	3	3	4	4	3	2	3	1	1	1	2	3	1	3	2	2	3	4	4	4	4	3	3	5	2	3	3	3	1	1	1	1	3	1	1	1	4	3	2	2	3	3	3	4	3	4	3	4	2	3	3	4	5	2	1.5	0
288	100	130	1	1	1	4	2	2	2	2	3	2	2	2	2	3	3	1	3	3	3	2	2	1	1	1	2	2	2	2	1	2	2	2	2	2	2	2	1	2	2	1	2	2	1	3	1	1	1	1	1	2	2	1	3	2	2	2	1	2	1	1	1.5	0
290	100	282	1	1	1	3	2	3	3	3	4	4	3	2	3	2	1	2	3	3	3	3	3	3	2	2	2	3	4	3	3	2	2	3	3	3	2	3	2	3	2	2	3	2	2	4	3	2	3	2	2	3	3	4	3	3	3	3	4	4	4	2	1.5	0
291	100	170	1	1	1	2	2	2	2	1	2	2	1	2	2	2	1	1	2	3	2	1	1	2	1	1	1	2	2	2	2	1	2	2	2	2	1	2	1	2	1	1	1	1	5	3	3	1	1	4	3	4	4	4	4	1	1	1	4	5	4	1	1.5	0
295	100	275	1	1	1	2	3	2	2	2	1	3	2	2	3	2	1	1	1	1	2	2	2	2	3	2	1	1	2	1	1	1	2	2	2	4	1	1	1	1	2	1	2	1	3	3	2	2	2	2	3	3	2	2	3	2	2	3	3	4	2	3	1.5	0
296	100	238	1	1	1	2	3	2	2	1	2	5	1	2	2	1	1	1	2	2	1	1	1	2	5	2	3	4	4	4	3	4	2	2	3	4	1	2	1	1	3	2	1	2	5	1	3	3	3	3	3	4	3	3	3	4	4	3	3	4	5	3	1.5	0
299	100	255	1	1	1	4	3	4	4	3	4	4	3	3	3	4	3	2	3	3	3	2	3	3	3	4	3	4	4	4	4	4	4	3	4	4	2	2	2	2	4	2	2	2	2	3	3	4	4	3	4	4	3	4	3	3	2	4	4	4	4	2	1.5	0
300	100	313	1	1	1	2	2	3	3	2	5	4	1	2	3	1	1	1	1	2	3	3	3	3	2	5	4	4	4	4	2	3	3	2	3	3	2	2	1	2	1	1	1	2	3	3	3	3	2	3	3	2	3	4	3	3	2	3	3	3	5	3	1.5	0
301	100	278	1	1	1	2	1	3	2	2	3	3	1	2	2	1	1	1	2	2	2	1	1	1	2	2	2	2	4	3	1	2	2	3	4	2	1	1	1	1	1	1	1	1	2	2	2	2	2	4	3	2	3	4	2	2	1	3	4	4	4	1	1.5	0
304	100	395	1	1	1	3	3	2	3	2	3	5	1	1	2	1	3	1	3	2	3	3	2	1	2	1	3	3	2	2	2	2	3	3	3	3	3	3	2	1	1	3	3	2	3	3	3	3	1	3	3	3	2	2	2	3	3	1	2	2	1	3	1.5	0
305	100	157	1	1	1	3	3	3	3	3	3	3	3	3	3	3	1	1	3	3	3	2	3	3	2	2	2	3	4	3	3	4	3	3	3	3	1	1	1	1	1	1	1	1	1	1	1	3	3	3	3	3	3	3	3	3	3	3	3	3	3	3	1.5	0
306	100	125	1	1	1	2	2	1	2	3	4	5	2	1	4	3	2	1	3	4	4	3	2	3	2	1	2	1	1	3	5	2	5	2	2	3	1	2	2	2	1	1	3	2	4	4	3	1	3	5	2	3	2	4	3	1	1	3	4	5	4	2	1.5	0
308	100	133	1	2	1	2	2	2	2	2	1	4	1	2	2	1	1	1	2	2	2	1	2	2	2	2	2	4	4	2	3	2	2	3	2	2	1	1	1	1	2	1	1	1	2	3	2	2	3	2	1	2	2	2	3	2	2	2	3	3	3	2	1.5	0
309	100	333	1	1	2	4	3	3	4	4	5	5	3	2	3	4	3	3	4	4	3	4	3	3	4	4	4	5	5	3	4	4	3	3	3	3	3	2	2	2	2	2	2	2	4	3	4	4	4	5	3	3	4	5	3	3	4	3	4	5	5	4	1.5	0
312	100	420	1	1	1	3	3	3	3	3	4	4	3	3	3	3	3	2	3	3	3	3	3	3	3	4	4	3	3	3	3	3	3	3	3	3	2	3	2	3	3	3	3	3	3	3	3	3	3	3	3	3	3	4	3	3	3	3	3	3	4	3	1.5	0
314	100	238	1	1	1	3	2	3	3	3	2	4	3	3	3	2	3	2	3	2	2	2	2	3	3	3	3	3	3	3	3	2	2	3	2	3	3	3	3	3	3	3	3	3	2	3	3	2	3	3	3	3	3	3	3	3	3	3	3	3	3	3	1.5	0
315	100	166	1	1	2	2	2	2	2	2	3	4	2	2	3	2	1	1	3	3	3	2	2	2	3	3	3	5	4	3	3	4	3	3	3	4	1	2	2	2	1	1	2	1	2	3	3	3	3	4	2	3	3	4	4	3	2	3	3	2	4	3	1.5	0
316	100	281	1	1	1	2	2	2	2	2	3	4	3	3	2	2	3	2	3	3	3	2	2	2	3	3	3	4	4	3	3	4	2	3	3	3	1	2	3	2	2	3	3	3	2	3	4	2	3	2	3	3	3	2	3	2	1	3	3	3	4	2	1.5	0
317	100	219	1	1	2	1	1	2	1	3	1	4	1	4	1	1	1	1	1	1	1	3	1	4	2	1	1	1	4	1	3	4	2	1	4	4	1	1	1	1	2	1	1	1	1	3	1	1	1	5	4	2	1	4	4	1	1	2	4	2	1	1	1.5	0
318	100	383	1	1	1	3	3	3	3	3	3	4	2	2	3	2	1	1	1	1	1	1	1	1	1	1	1	5	5	1	1	1	1	1	4	1	1	1	1	1	4	1	1	1	1	3	1	2	2	2	2	2	1	4	1	4	3	3	3	5	3	2	1.5	0
319	100	142	1	1	2	3	3	3	3	3	3	3	3	3	3	3	3	3	3	3	3	3	3	3	3	3	3	3	3	3	3	3	3	3	3	3	1	3	3	3	3	3	3	3	3	3	3	3	3	3	3	3	3	3	3	3	3	3	3	3	3	3	1.5	0
320	100	176	1	1	1	2	3	2	2	2	3	4	3	2	3	2	2	2	3	2	3	2	3	2	2	3	3	3	4	3	3	4	3	3	3	3	2	2	2	3	2	2	2	2	2	3	2	2	3	3	3	2	2	2	2	3	3	3	3	3	2	3	1.5	0
323	100	373	1	1	2	2	1	1	2	2	4	5	1	1	2	3	1	1	1	2	3	2	3	3	2	3	2	4	4	3	3	1	1	2	3	3	1	2	1	2	1	1	1	1	2	3	2	2	2	3	3	2	2	2	1	1	1	1	1	2	4	1	1.5	0
328	100	125	1	2	1	1	2	3	2	2	3	2	3	2	2	2	3	3	3	3	2	2	2	3	3	4	3	3	3	3	3	2	2	2	3	2	3	2	2	2	3	2	2	4	4	3	3	3	3	2	2	2	3	3	3	3	1	3	2	2	2	3	1.5	0
332	100	378	1	1	2	4	4	4	2	2	4	4	3	2	4	4	3	3	2	4	3	3	4	4	5	4	4	5	5	4	2	4	4	3	5	3	1	1	1	1	4	1	2	1	1	3	1	4	4	5	3	5	1	5	4	2	4	4	5	5	3	4	1.5	0
333	100	225	1	1	1	2	2	3	2	2	2	3	2	2	3	2	2	1	1	2	3	3	2	2	2	2	2	4	3	2	2	2	3	3	3	2	1	1	2	2	3	2	2	3	3	3	3	3	3	3	3	2	3	3	2	3	3	3	3	4	4	3	1.5	0
335	100	350	1	1	2	3	3	3	2	3	4	5	2	1	2	3	3	2	4	2	3	3	3	2	2	5	1	3	2	4	4	3	2	2	1	3	2	3	3	3	4	1	3	3	1	3	5	2	3	5	3	3	3	5	2	4	2	1	3	4	5	3	1.5	0
336	100	265	1	1	2	2	2	2	2	3	4	1	2	2	3	3	2	2	3	3	4	3	3	4	2	3	3	3	4	5	3	2	3	2	4	4	2	3	4	3	2	3	3	3	4	3	2	2	3	4	4	3	3	2	3	2	4	3	4	3	4	5	1.5	0
337	100	210	1	1	1	1	1	1	1	1	3	3	1	1	1	1	1	1	1	1	1	1	1	1	1	1	1	1	1	1	1	1	1	1	3	1	1	3	3	3	1	1	1	1	1	1	1	1	1	3	1	1	1	1	1	1	1	1	1	5	5	1	1.5	0
338	100	176	1	1	1	2	1	2	2	2	1	3	1	1	3	2	3	3	2	1	1	1	2	2	4	4	4	4	3	4	3	4	3	3	2	2	2	1	1	1	2	1	1	2	3	2	2	1	2	4	2	2	4	4	2	2	1	1	4	4	4	2	1.5	0
339	100	118	1	1	2	3	3	3	3	3	3	3	4	4	3	3	3	3	4	3	3	3	4	3	3	3	4	3	3	3	3	4	3	3	4	3	3	3	4	3	3	3	4	3	4	4	3	3	3	4	3	3	3	4	4	4	3	4	4	3	3	3	1.5	0
340	100	213	1	1	1	2	1	2	2	1	1	2	2	2	3	2	1	1	1	1	1	2	1	1	3	2	1	1	1	1	3	2	2	3	3	1	1	1	1	1	2	1	2	1	2	3	2	1	2	2	1	2	2	2	2	1	1	1	2	2	2	1	1.5	0
344	100	250	1	1	2	4	3	4	4	2	2	3	4	3	4	1	3	2	4	4	4	3	4	4	3	4	2	4	4	4	4	4	2	2	4	4	1	1	1	2	5	2	4	3	4	5	5	2	2	3	3	3	3	4	4	5	4	2	2	4	2	2	1.5	0
345	100	343	1	2	2	1	2	2	2	2	2	3	2	3	3	3	4	2	3	3	3	2	2	3	2	2	2	1	2	1	2	2	2	3	2	2	2	2	2	2	3	2	3	4	5	2	2	1	1	1	1	1	2	2	2	1	1	1	2	2	3	2	1.5	0
347	100	401	1	1	1	4	4	4	4	4	5	4	4	5	5	4	4	4	5	5	5	5	4	5	4	4	3	3	3	4	4	3	3	3	4	3	4	4	3	3	3	4	3	3	4	4	4	4	3	3	3	4	3	4	3	4	4	4	4	4	4	3	1.5	0
348	100	119	1	1	1	1	1	1	1	1	1	4	1	1	2	1	1	1	1	1	1	1	1	1	1	2	1	1	1	1	1	1	1	1	1	1	1	1	1	1	1	1	1	1	1	1	1	1	1	1	1	1	1	1	1	3	1	1	1	1	1	1	1.5	0
349	100	251	1	1	1	1	3	2	3	1	3	5	1	4	3	4	2	2	4	2	3	1	3	5	3	3	3	5	5	5	5	5	3	3	4	3	1	2	2	1	5	1	1	1	5	3	2	2	3	5	1	3	5	5	3	1	1	3	5	5	5	1	1.5	0
355	100	223	1	1	1	2	2	2	2	3	3	4	3	2	3	3	2	2	4	3	2	2	2	2	2	2	3	3	3	3	3	3	3	2	3	2	2	3	3	3	3	2	2	2	3	3	3	3	3	2	2	2	2	2	2	3	1	3	5	5	3	2	1.5	0
356	100	353	1	1	1	2	2	2	2	2	2	4	2	2	3	3	3	2	3	3	3	3	3	3	3	2	2	4	4	4	3	4	2	3	2	3	2	2	1	2	2	1	2	2	3	3	3	3	3	3	3	4	3	4	4	3	3	3	3	3	4	3	1.5	0
357	100	368	1	1	1	3	3	3	3	2	2	4	2	3	3	4	1	1	3	3	3	2	3	3	2	3	2	2	3	3	3	3	2	3	3	3	2	2	2	2	5	2	3	2	2	3	3	2	3	3	3	4	2	5	3	2	3	3	5	5	5	3	1.5	0
358	100	225	1	1	2	3	3	3	3	2	3	4	2	3	2	3	2	1	2	2	2	3	3	3	3	2	2	2	2	3	2	2	3	3	2	2	2	2	2	2	3	2	2	2	4	2	3	2	2	4	2	2	2	2	3	3	2	2	2	3	2	2	1.5	0
361	100	276	1	1	1	3	3	2	4	4	5	5	2	4	2	2	2	1	4	4	4	4	3	3	4	5	4	4	3	4	4	4	3	3	4	4	1	2	1	1	2	3	2	3	4	4	4	4	4	4	4	4	3	5	3	4	4	4	3	5	3	4	1.5	0
362	100	185	1	1	1	3	3	4	4	4	4	4	2	2	3	3	2	2	3	3	2	3	3	2	3	3	3	4	3	4	4	4	3	3	4	4	4	4	3	4	3	3	3	4	4	3	4	4	3	3	4	4	4	4	3	4	4	4	4	4	4	4	1.5	0
368	100	366	1	1	2	2	3	3	4	2	4	4	3	4	3	3	4	2	3	4	2	3	3	4	2	4	2	2	2	3	3	3	3	2	2	3	2	3	2	4	4	3	4	4	3	4	4	3	4	4	3	4	4	4	4	3	3	4	4	4	3	4	1.5	0
369	100	207	1	1	2	2	3	2	2	2	2	4	1	1	2	3	1	1	2	3	2	2	2	2	2	4	2	4	4	3	3	3	2	2	2	2	1	1	1	1	4	1	2	2	3	3	3	2	3	4	4	3	3	4	3	2	2	3	4	5	5	3	1.5	0
372	100	285	1	2	2	3	3	3	3	3	4	5	3	3	3	3	3	2	3	3	3	3	3	3	3	4	5	4	4	4	3	4	3	3	3	3	2	2	2	3	3	2	3	3	4	3	4	3	3	3	3	3	3	4	3	3	3	3	4	3	4	3	1.5	0
374	100	539	1	1	2	3	3	2	4	4	4	4	2	2	3	2	1	1	1	1	2	2	3	2	3	3	3	5	5	3	2	2	2	1	1	1	1	1	1	1	1	2	2	1	1	2	2	3	4	4	4	3	3	4	4	3	4	4	2	2	4	4	1.5	0
375	100	518	1	1	1	3	2	2	2	1	2	2	2	2	1	1	1	1	2	2	2	1	2	1	2	1	2	4	4	3	2	3	2	2	1	2	1	1	1	1	2	1	1	1	2	3	2	2	2	2	1	2	2	2	2	2	2	2	3	2	5	2	1.5	0
376	100	287	1	1	1	3	2	2	3	1	2	4	2	1	2	4	2	1	2	1	1	2	3	2	3	1	1	2	4	3	2	4	2	3	3	3	1	1	1	2	1	1	1	2	1	3	4	1	2	3	3	3	1	3	3	2	1	4	5	5	5	1	1.5	0
378	100	600	1	1	1	4	3	4	4	5	3	5	5	4	5	5	2	1	3	3	2	2	3	4	4	3	2	5	5	3	4	4	5	3	4	3	1	2	3	2	4	4	3	4	5	3	3	4	3	4	3	5	3	4	3	3	5	3	3	4	3	5	1.5	0
382	100	270	1	1	1	1	2	2	3	3	4	4	4	3	2	4	2	1	2	3	3	3	2	4	4	4	4	4	4	3	4	4	5	2	3	4	1	1	1	1	3	1	1	1	3	4	4	4	4	4	2	4	3	4	4	5	5	4	4	5	5	4	1.5	0
383	100	363	1	1	2	3	3	2	3	2	3	4	3	1	2	3	1	1	3	2	3	3	2	2	3	3	2	4	4	3	2	2	2	3	1	1	1	1	1	2	1	3	2	3	3	3	3	1	1	4	2	3	3	3	3	3	2	3	3	3	4	2	1.5	0
385	100	284	1	1	1	3	3	2	2	3	3	3	4	4	3	2	1	1	3	2	2	3	4	4	4	3	4	2	2	3	1	2	2	3	4	4	1	2	1	3	1	1	3	3	4	5	2	2	2	4	2	2	2	4	3	4	3	4	4	4	4	3	1.5	0
386	100	251	1	1	1	3	3	2	2	3	3	3	2	3	3	3	2	2	3	3	2	2	2	2	3	3	2	3	3	2	3	3	3	3	2	3	3	3	2	3	3	2	3	3	2	3	3	3	3	2	3	3	3	3	3	3	3	3	2	4	4	3	1.5	0
388	100	312	1	1	1	3	3	4	3	3	4	4	2	2	2	3	1	1	3	2	2	2	3	3	3	3	3	3	4	3	3	3	4	3	4	3	1	2	1	1	3	1	2	1	2	4	3	3	3	3	4	3	3	3	4	4	2	3	3	4	4	3	1.5	0
390	100	378	1	1	2	2	2	2	2	3	3	4	3	3	2	3	1	1	2	3	3	2	2	3	2	3	3	4	4	3	1	4	3	2	1	3	1	2	2	2	2	1	2	2	2	2	2	2	2	4	3	2	3	4	2	1	2	2	3	2	3	2	1.5	0
391	100	270	1	1	1	2	2	3	2	2	1	4	1	1	2	2	1	1	3	2	3	1	2	2	2	2	1	4	3	3	2	2	3	1	2	3	1	3	1	3	2	2	2	3	2	2	2	1	3	2	2	2	2	3	3	1	1	2	2	2	3	2	1.5	0
392	100	277	1	2	2	4	2	2	2	2	3	3	3	3	2	3	4	1	3	3	3	3	3	3	3	4	3	4	3	4	3	3	2	3	3	3	2	3	2	1	4	2	3	3	4	3	3	3	3	4	3	3	3	4	3	3	2	3	3	4	3	3	1.5	0
393	100	287	1	1	1	2	2	3	3	2	4	4	3	4	3	3	2	2	3	2	3	2	2	2	2	2	2	2	2	3	2	2	2	2	3	4	1	1	1	1	3	2	2	2	2	2	3	2	1	2	2	2	2	3	3	3	3	2	4	4	3	3	1.5	0
394	100	635	1	1	1	2	1	2	3	2	3	4	3	2	2	3	3	1	3	2	3	3	3	3	3	3	2	4	5	3	3	5	3	3	4	3	2	3	2	2	2	2	2	3	3	4	3	2	2	3	3	3	2	2	3	4	2	3	4	5	4	4	1.5	0
395	100	299	1	1	2	2	2	3	3	2	3	3	3	3	2	2	2	2	3	3	2	2	2	3	2	2	3	4	3	3	3	2	3	3	2	3	1	2	1	2	2	2	2	2	3	2	3	2	3	4	3	3	3	3	3	3	2	3	2	3	3	2	1.5	0
400	100	476	1	1	1	2	3	2	3	2	3	4	2	3	2	3	2	1	3	2	2	1	3	2	3	2	2	2	2	2	2	1	1	3	2	3	1	1	1	1	1	1	1	1	2	2	2	2	1	4	3	3	4	4	3	2	2	1	2	4	4	2	1.5	0
402	100	378	1	1	2	1	4	1	1	5	5	3	2	1	3	2	5	1	2	2	1	2	4	5	2	5	4	5	4	3	1	5	4	3	2	2	1	1	1	1	1	2	1	1	1	3	5	2	3	5	4	4	2	5	3	1	1	1	1	3	5	3	1.5	0
405	100	500	1	1	2	2	3	3	3	3	4	4	2	2	3	2	5	2	4	4	4	4	3	2	5	4	4	5	5	4	2	4	3	3	4	5	2	2	2	1	3	2	2	2	5	4	3	3	3	4	4	5	4	5	3	3	3	3	5	5	5	3	1.5	0
406	100	467	1	1	1	2	2	4	4	3	4	4	2	2	3	2	1	1	1	2	4	3	3	2	2	4	4	5	5	5	5	4	3	3	3	4	2	3	3	2	1	1	2	1	1	1	2	3	2	4	4	4	2	4	4	4	4	3	2	4	2	3	1.5	0
407	100	895	1	1	1	3	3	4	4	4	2	4	2	2	3	3	2	1	3	3	3	3	4	2	3	2	2	3	4	3	3	2	3	4	4	2	2	1	2	2	2	3	3	4	4	4	4	4	2	4	4	4	4	4	3	2	3	4	4	4	4	4	1.5	0
408	100	778	1	1	1	3	3	3	3	3	4	4	3	3	3	4	3	2	3	3	3	2	4	3	3	3	2	4	5	5	5	5	5	4	2	4	2	4	4	4	4	4	4	4	3	3	3	3	3	4	4	4	4	4	4	4	4	4	4	3	4	4	1.5	0
412	100	961	1	1	1	1	1	1	2	2	2	4	1	1	1	1	2	2	4	1	1	1	2	1	3	4	1	2	1	2	1	1	1	2	2	2	1	1	1	1	3	2	2	1	5	4	4	2	2	4	3	1	3	4	2	1	2	1	4	4	4	3	1.5	0
414	100	933	1	2	1	2	1	2	2	2	1	2	1	2	2	1	1	1	2	2	1	2	1	2	2	1	1	1	1	1	1	1	1	2	2	2	1	1	1	1	2	1	1	1	1	2	2	1	2	4	2	2	4	4	2	2	1	2	3	3	4	2	1.5	0
420	43	127	0	1	2	2	2	2	3	2	3	4	2	2	3	2	2	1	2	2	2	2	2	2	2	3	2	4	4	3	3	3	2	3	2	3	1	2	2	2	2	2	2	2	2	3	3	2	3	4	3	3	3	4	3	2	2	3	3	3	4	2	1.5	0
421	43	1492	0	1	1	3	2	3	3	2	3	4	2	2	3	3	2	1	3	2	3	2	2	3	3	3	3	4	4	3	3	3	3	3	3	3	2	2	2	2	2	2	2	2	3	3	3	3	3	4	3	3	3	4	3	3	2	3	4	4	4	3	1.5	0
422	100	220	1	1	2	2	3	3	3	2	3	4	2	2	3	2	1	1	3	2	2	2	2	3	2	3	2	3	3	3	3	3	2	3	3	2	2	3	2	1	2	1	2	1	1	1	3	2	2	4	4	4	3	4	4	2	2	2	3	3	4	1	1.5	0
423	100	107	1	1	2	4	2	3	4	2	3	4	3	2	3	2	4	3	3	3	2	3	4	2	3	2	3	4	4	3	2	2	3	3	2	3	3	2	3	3	3	2	4	3	3	3	2	2	3	2	2	3	3	3	2	2	3	3	3	3	3	2	1.5	0
424	100	295	1	1	1	2	1	1	1	1	3	4	2	1	2	3	1	1	2	1	1	1	1	1	2	3	4	5	2	2	2	3	2	3	2	5	1	1	1	1	1	1	1	1	3	3	3	1	1	3	3	3	1	2	1	2	1	1	4	5	4	3	1.5	0
426	100	273	1	1	1	4	2	3	5	3	3	4	4	3	3	3	3	4	3	2	4	4	3	4	4	3	3	4	3	4	4	4	4	3	3	4	3	4	4	2	5	3	5	4	4	4	4	3	4	4	5	4	4	4	3	4	4	4	5	4	4	4	1.5	0
427	100	360	1	1	1	5	5	4	5	4	5	4	5	3	5	3	3	1	5	4	3	2	3	3	3	2	2	5	5	2	2	2	4	1	4	3	2	2	1	1	2	2	2	2	5	4	5	3	3	4	5	5	3	5	4	4	2	2	5	5	5	4	1.5	0
428	100	222	1	1	2	3	3	3	3	2	4	4	3	3	3	2	1	1	2	2	2	1	2	3	3	4	2	2	2	2	2	2	1	2	2	5	1	1	1	1	1	1	1	1	1	2	2	3	2	3	4	3	4	4	4	3	3	3	4	4	4	3	1.5	0
429	100	154	1	1	1	3	3	3	3	3	2	3	3	3	3	3	2	2	2	2	2	2	3	3	3	3	2	3	3	2	3	2	3	3	3	3	2	2	2	2	2	2	2	2	2	2	2	3	3	3	3	3	3	3	3	4	3	3	3	4	3	3	1.5	0
433	100	221	1	1	2	2	2	3	3	3	3	3	3	3	3	3	3	1	3	3	3	3	3	3	3	3	1	1	3	3	3	3	3	3	3	3	1	2	3	3	3	3	3	3	3	3	3	3	3	3	3	3	3	3	3	3	3	3	3	3	3	3	1.5	0
435	100	555	1	1	1	2	4	3	3	4	4	4	4	4	3	4	5	2	4	3	3	4	2	4	2	4	5	5	4	5	5	3	3	4	4	3	2	3	4	4	5	4	4	2	5	5	4	2	2	4	2	4	4	5	4	2	3	2	4	5	4	2	1.5	0
437	100	361	1	1	2	3	3	3	3	3	3	4	4	4	3	3	2	1	4	4	2	3	3	3	3	2	3	5	3	3	3	3	4	2	3	3	2	2	2	2	4	4	2	3	3	4	4	3	3	4	5	4	3	4	4	3	4	5	4	2	2	4	1.5	0
439	100	212	1	1	1	4	5	5	5	4	4	4	5	5	4	4	4	5	5	4	4	5	5	5	4	3	4	4	4	4	5	3	3	3	4	4	2	4	2	4	4	5	5	5	4	4	4	4	5	5	5	4	5	4	5	5	5	5	5	4	4	5	1.5	0
440	100	306	1	1	2	2	1	1	2	1	2	2	1	1	2	1	1	1	2	1	2	1	2	1	1	2	2	1	2	2	1	1	2	2	1	3	1	1	1	1	1	1	1	1	1	1	1	2	2	3	2	1	3	3	2	2	2	2	3	3	3	2	1.5	0
442	100	472	1	1	1	4	2	4	4	3	4	4	4	5	4	4	3	3	4	4	4	4	4	5	4	5	4	4	3	4	2	4	4	3	3	4	4	4	3	3	2	3	2	4	4	4	5	3	2	4	4	5	4	5	3	3	5	4	5	5	5	4	1.5	0
445	100	371	1	1	2	3	2	3	3	3	4	4	2	2	3	3	2	2	3	2	4	3	3	2	2	4	4	3	4	3	3	3	3	2	3	3	2	3	2	4	3	2	2	2	2	3	4	3	3	4	2	3	4	4	2	3	3	2	3	2	4	3	1.5	0
446	100	301	1	1	2	2	2	2	3	2	2	4	2	2	2	1	2	1	2	2	2	2	2	2	1	4	2	2	4	4	2	2	2	2	1	4	1	1	2	2	2	1	2	1	2	4	4	2	2	4	4	3	2	4	2	3	2	2	3	2	4	3	1.5	0
447	100	255	1	1	1	4	4	5	3	4	4	4	3	4	3	5	4	3	4	4	3	4	4	5	4	5	4	3	2	3	4	4	4	3	4	4	3	4	3	4	3	4	4	4	5	5	4	4	3	4	2	4	4	4	3	4	5	4	3	4	5	4	1.5	0
449	100	219	1	1	1	1	2	1	2	4	5	5	1	1	1	2	5	5	3	1	1	1	2	2	2	4	4	5	5	4	5	5	5	3	4	5	5	5	5	3	5	5	3	4	2	5	5	5	5	5	4	2	3	4	4	4	4	2	4	5	4	4	1.5	0
451	100	194	1	1	1	2	3	3	3	2	3	4	2	3	2	2	2	2	2	3	3	3	3	3	3	4	3	3	3	3	3	3	4	4	3	3	2	2	2	2	3	2	2	2	2	3	2	2	3	3	3	3	3	3	3	3	3	3	2	2	2	2	1.5	0
452	100	330	1	1	1	3	3	2	3	2	2	4	3	2	4	3	4	4	3	4	3	1	3	3	3	4	5	5	5	3	3	3	4	4	3	4	4	4	4	5	3	4	3	4	5	3	4	3	4	4	2	3	4	4	3	2	3	3	4	4	3	2	1.5	0
453	100	211	1	1	1	2	2	2	2	3	3	4	1	3	3	2	1	1	3	3	3	1	2	3	5	3	4	5	5	3	2	4	3	2	3	5	1	2	1	1	2	1	1	1	5	3	2	3	2	4	1	3	3	5	4	3	2	3	4	5	4	2	1.5	0
455	100	189	1	1	1	3	3	3	3	2	4	5	3	3	3	3	4	2	3	1	1	1	3	3	3	2	1	3	3	3	3	3	3	3	3	3	1	3	1	1	3	1	2	2	3	3	3	3	3	5	4	3	3	5	3	3	3	3	4	2	5	3	1.5	0
457	100	323	1	1	1	3	2	2	3	3	3	4	3	3	3	3	3	2	2	3	2	2	2	3	3	2	3	4	3	2	3	4	3	3	3	3	2	2	2	3	3	2	2	3	3	2	2	2	3	3	4	2	3	2	3	3	2	3	3	2	2	2	1.5	0
459	100	138	1	1	1	3	2	2	3	2	2	3	4	2	2	2	3	2	3	3	2	2	2	3	3	2	2	3	2	2	3	2	2	2	2	2	2	2	2	2	2	2	2	2	2	2	2	2	2	2	2	2	2	2	2	2	2	2	2	2	2	2	1.5	0
461	100	163	1	1	1	2	3	3	3	2	3	4	2	3	2	2	2	1	3	3	3	3	3	2	3	2	4	4	4	4	3	4	2	2	3	3	1	1	1	1	4	1	2	1	4	4	3	2	3	4	3	3	2	4	3	2	2	3	3	5	4	3	1.5	0
463	100	357	1	2	2	5	4	4	5	4	5	4	4	5	3	5	4	5	4	5	3	4	5	5	3	5	5	4	5	4	4	3	4	5	4	4	2	3	2	3	3	1	2	3	4	4	2	3	4	2	4	4	4	5	4	5	5	4	4	3	4	5	1.5	0
466	100	842	1	1	1	3	3	4	2	1	4	4	2	2	3	3	2	1	3	2	2	1	3	2	4	4	4	3	3	4	4	2	4	4	4	3	1	2	1	1	5	1	3	2	5	4	4	3	4	4	3	4	2	5	3	4	3	4	4	5	5	3	1.5	0
469	100	412	1	1	2	3	3	2	3	3	3	4	3	2	2	3	2	2	4	3	4	3	3	3	3	4	3	3	3	3	3	4	3	3	3	3	2	3	3	3	3	3	3	2	4	3	3	2	3	3	3	3	3	3	2	3	2	3	4	3	3	3	1.5	0
474	100	228	1	1	1	1	1	1	1	1	2	4	3	2	1	1	1	1	1	1	1	1	1	1	1	2	3	4	4	1	1	3	1	1	1	1	1	1	1	1	1	1	1	1	1	1	1	1	1	3	1	1	1	2	1	1	1	3	3	3	3	1	1.1	0
475	100	243	1	1	1	3	3	4	4	2	4	5	3	5	4	5	5	1	3	4	4	4	3	5	4	4	4	5	4	4	4	5	4	3	3	3	3	4	4	4	3	2	4	4	5	5	4	4	4	5	5	5	5	5	5	3	3	5	5	5	5	5	1.1	0
477	100	352	1	1	1	3	2	1	2	3	3	4	3	4	3	4	4	2	4	3	3	4	2	4	3	4	4	4	4	3	3	4	4	4	4	4	2	2	2	2	4	2	3	2	5	4	5	4	5	5	5	5	5	5	5	4	4	4	5	5	5	4	1.1	0
478	100	309	1	1	2	2	2	2	2	3	3	3	1	3	2	2	2	1	2	2	2	3	2	2	2	4	4	5	5	3	3	4	3	3	4	4	2	3	2	3	2	2	2	3	3	2	3	2	2	4	3	3	2	4	2	3	3	3	4	4	3	3	1.1	0
480	100	257	1	1	1	1	1	1	1	1	1	1	1	2	1	1	2	1	1	1	1	1	1	1	1	1	1	3	2	1	1	1	1	1	1	3	1	1	1	1	1	1	1	1	1	1	1	1	1	1	1	1	1	4	3	1	1	2	2	5	4	1	1.1	0
485	100	391	1	1	1	3	3	3	3	2	3	3	1	3	2	3	2	3	2	2	1	2	3	3	3	2	1	5	5	3	3	3	3	3	3	1	1	1	1	1	2	1	2	1	5	3	3	3	3	5	3	3	3	5	3	3	2	3	5	5	3	1	1.1	0
486	100	350	1	1	2	1	2	1	2	1	1	2	1	1	1	1	1	1	2	1	1	1	1	1	1	1	1	4	4	1	1	1	1	1	1	2	1	1	1	1	5	1	1	1	2	2	1	1	1	4	1	1	1	4	4	2	2	2	3	5	2	3	1.1	0
488	100	480	1	1	2	2	2	1	2	2	2	2	1	2	2	1	1	1	2	1	2	1	2	2	2	2	3	4	4	3	3	4	3	3	4	3	2	2	2	3	4	1	2	3	3	3	3	3	3	4	4	3	3	4	3	3	2	3	2	2	4	3	1.1	0
489	100	217	1	1	2	1	1	1	1	1	1	1	1	1	1	1	1	1	2	1	1	1	1	1	2	1	1	1	3	3	2	1	1	1	1	1	1	1	1	1	2	1	1	1	1	1	1	1	1	1	1	1	1	3	1	1	1	1	1	1	1	1	1.1	0
490	100	404	1	1	1	1	1	2	2	2	2	2	1	1	2	1	1	1	2	2	1	1	1	1	1	1	1	1	1	1	1	1	1	1	1	3	1	1	1	1	1	1	2	1	2	3	3	1	1	4	3	3	3	4	3	3	2	3	4	4	4	3	1.1	0
494	100	380	1	2	2	2	2	2	3	3	3	4	2	3	2	3	3	2	3	2	3	2	2	2	4	4	4	4	4	2	3	4	2	3	2	4	1	2	1	2	2	1	1	1	3	2	2	2	4	4	4	4	3	4	2	2	2	2	4	4	3	2	1.1	0
495	100	361	1	1	2	1	1	1	3	1	1	4	1	2	2	2	2	1	3	1	1	1	1	1	1	2	2	2	2	2	1	1	1	1	2	2	1	1	1	1	1	1	1	3	5	2	1	1	5	5	5	5	3	5	3	2	1	1	1	5	5	3	1.1	0
499	100	257	1	1	1	1	1	1	1	1	2	3	1	1	1	1	1	1	1	1	1	1	1	1	3	2	3	2	3	2	1	1	1	1	2	1	1	1	1	1	1	2	2	1	1	3	1	1	1	1	1	1	1	1	1	1	1	1	1	1	4	3	1.1	0
501	100	560	1	1	1	2	2	2	2	2	3	3	1	2	2	3	3	2	1	1	1	1	2	2	1	1	1	2	2	3	3	3	3	3	3	1	1	2	1	1	2	1	3	3	3	3	3	4	3	4	4	4	4	1	1	1	2	1	4	3	5	3	1.1	0
502	100	374	1	1	1	3	2	3	3	2	4	4	3	1	3	3	1	1	3	2	3	3	2	1	3	3	3	5	5	4	3	5	3	1	5	2	1	1	1	1	3	1	1	1	3	3	2	3	2	5	4	2	5	5	3	2	2	3	5	5	5	1	1.1	0
504	100	377	1	1	1	1	1	2	2	2	2	4	1	2	2	3	2	1	3	2	2	2	2	2	2	3	1	5	5	4	3	3	2	3	2	4	1	1	1	2	1	1	2	2	1	3	3	2	3	4	3	3	3	4	2	2	1	3	4	4	4	1	1.1	0
505	100	781	1	1	1	2	2	3	2	2	2	4	2	2	2	2	1	1	1	3	3	1	2	2	3	2	2	3	3	2	2	2	2	2	2	1	1	1	1	1	1	1	1	1	2	1	3	2	3	4	2	2	3	4	3	1	1	3	5	5	5	1	1.1	0
506	100	354	1	1	1	2	2	3	2	2	2	3	2	2	1	2	2	1	3	3	2	1	2	2	1	1	1	2	2	1	3	2	2	2	1	2	1	2	1	1	2	1	1	1	4	3	3	2	3	3	2	3	3	3	2	1	1	2	3	3	3	2	1.1	0
508	100	138	1	1	2	3	3	3	3	3	3	3	3	3	3	3	3	3	3	3	3	3	3	3	4	4	4	4	4	4	4	4	4	4	4	4	1	1	2	1	2	2	3	2	3	2	3	5	5	5	5	5	5	4	4	4	4	3	3	3	3	3	1.1	0
509	100	1295	1	1	2	3	2	3	3	2	5	5	3	3	3	4	2	1	2	5	3	4	3	3	4	4	2	3	3	4	4	4	3	3	3	5	2	1	2	1	4	2	3	3	5	4	3	4	3	5	5	4	3	5	2	2	2	3	5	5	3	5	1.1	0
510	100	672	1	1	1	3	3	3	3	2	2	3	3	2	2	3	2	1	3	2	3	3	3	2	2	3	2	3	3	3	2	2	2	3	2	3	4	3	3	3	1	1	3	3	3	3	3	2	1	3	2	3	3	3	1	2	2	2	3	3	3	2	1.1	0
511	100	897	1	1	2	2	3	2	3	4	4	3	3	3	3	2	2	1	2	2	3	3	2	3	4	2	4	4	3	4	3	2	4	2	4	5	1	5	5	3	4	2	4	3	2	4	4	4	2	4	4	3	2	4	2	4	1	2	4	4	4	2	1.1	0
513	100	238	1	1	1	3	3	2	3	3	3	3	2	3	3	3	2	2	3	3	3	3	3	3	4	4	2	4	4	4	2	4	3	3	3	4	1	2	3	2	2	2	3	2	3	3	3	3	2	3	4	3	3	4	3	3	3	3	4	3	4	3	1.1	0
514	100	379	1	1	2	2	2	4	3	2	2	4	4	4	2	4	1	1	2	2	1	4	3	4	1	1	1	4	2	2	1	2	1	3	3	4	2	1	1	2	4	2	2	2	2	4	3	2	2	4	2	2	3	5	4	2	2	3	4	4	5	2	1.1	0
515	100	397	1	1	2	2	2	3	2	2	3	4	2	3	3	2	1	1	2	3	3	2	2	2	3	3	2	4	4	4	2	3	2	2	3	3	1	1	1	2	1	1	2	2	2	2	2	2	3	4	3	3	4	4	3	3	3	3	4	4	4	3	1.1	0
516	100	253	1	1	2	2	2	2	2	2	3	4	2	2	2	2	1	1	2	2	2	1	2	2	2	1	1	1	2	1	1	1	2	2	2	2	1	1	1	1	1	1	1	1	1	2	2	1	1	1	2	2	2	2	2	1	1	1	3	3	4	1	1.1	0
519	100	524	1	1	2	1	1	3	1	2	1	1	1	1	2	1	1	1	1	1	1	3	1	1	2	1	1	2	1	1	1	1	1	1	2	1	1	1	1	1	1	1	1	1	2	1	1	1	1	3	2	3	1	4	1	1	1	3	4	4	1	1	1.1	0
520	100	302	1	1	1	2	2	2	3	3	3	4	1	1	3	3	1	1	3	3	3	1	3	2	3	3	1	3	4	2	4	4	4	4	4	4	2	3	3	4	4	3	4	2	4	3	4	3	4	4	4	3	3	4	3	3	4	4	4	4	3	3	1.1	0
522	100	282	1	1	2	4	3	3	3	3	2	3	3	2	2	4	4	2	3	3	3	3	4	3	3	4	4	5	4	4	4	3	3	3	3	3	1	2	2	1	2	2	3	3	2	3	3	4	3	3	3	4	4	4	4	4	3	3	4	4	4	4	1.1	0
525	100	493	1	1	2	3	1	3	1	1	3	3	1	1	3	1	1	1	2	1	1	1	1	1	3	2	1	4	5	1	2	1	1	1	4	2	1	3	1	3	3	1	2	2	1	1	2	1	3	4	3	2	3	4	1	1	1	3	3	5	5	1	1.1	0
529	100	250	1	1	2	3	2	2	2	2	2	4	2	4	3	3	2	1	5	3	3	3	3	3	3	4	4	4	4	3	1	1	2	2	3	3	1	1	1	3	1	1	2	3	2	3	5	3	4	5	4	4	3	5	2	3	3	3	4	4	4	3	1.1	0
530	100	403	1	1	1	3	3	3	4	3	4	4	4	4	3	2	4	3	3	3	3	4	3	4	3	5	5	5	5	4	3	4	4	4	4	4	2	3	3	3	4	3	4	4	3	3	3	3	3	5	4	3	3	5	4	4	3	3	3	4	4	3	1.1	0
531	100	3065	1	1	2	2	2	3	2	1	2	2	2	3	2	1	1	1	2	1	1	1	2	2	2	2	1	4	5	3	1	2	2	2	3	1	2	2	3	3	3	1	2	1	3	4	2	3	3	5	3	4	2	5	2	3	3	2	4	3	4	3	1.1	0
532	100	399	1	1	2	3	3	4	3	2	4	5	2	3	3	4	2	2	3	3	4	2	3	4	2	4	2	5	5	4	3	2	3	3	3	4	2	4	3	3	3	2	3	3	4	4	3	3	2	4	3	4	4	4	3	4	4	4	3	3	4	3	1.1	0
533	100	301	1	2	2	3	3	3	3	3	3	3	2	2	3	2	2	2	2	2	2	2	2	2	4	4	3	4	4	3	2	2	3	3	3	2	2	2	1	4	2	1	1	1	2	4	3	3	2	2	2	1	1	4	2	2	2	2	4	4	3	2	1.1	0
534	100	879	1	1	1	2	1	2	2	2	2	3	1	1	2	3	2	2	2	2	2	2	2	2	2	4	2	4	4	3	2	3	2	3	1	4	1	2	1	2	3	1	2	2	2	2	2	2	3	4	3	3	2	4	4	2	2	3	3	2	4	2	1.1	0
538	100	890	1	1	2	3	3	3	3	3	3	3	3	4	3	3	4	3	2	2	2	3	3	3	4	4	2	2	2	2	4	3	4	3	2	4	2	4	4	2	2	2	2	2	5	2	4	1	1	5	3	4	5	5	3	4	3	3	3	5	5	2	1.1	0
541	100	191	1	1	2	2	2	2	1	1	2	1	2	2	2	2	2	2	2	2	2	2	2	2	2	2	2	2	2	2	2	2	2	2	2	2	2	2	2	2	2	2	2	2	2	2	2	2	2	2	2	2	2	2	2	2	2	2	2	2	2	2	1.1	0
549	43	10	0	1	1	3	2	3	3	2	3	4	2	2	3	3	2	1	3	2	3	2	2	3	3	3	3	4	4	3	3	3	3	3	3	3	2	2	2	2	2	2	2	2	3	3	3	3	3	4	3	3	3	4	3	3	2	3	4	4	4	3	1.1	0
550	43	29	0	1	1	3	2	3	3	2	3	4	2	2	3	3	2	1	3	2	3	2	2	3	3	3	3	4	4	3	3	3	3	3	3	3	2	2	2	2	2	2	2	2	3	3	3	3	3	4	3	3	3	4	3	3	2	3	4	4	4	3	1.1	0
551	43	55	0	1	2	2	2	2	3	2	3	4	2	2	3	2	2	1	2	2	2	2	2	2	2	3	2	4	4	3	3	3	2	3	2	3	1	2	2	2	2	2	2	2	2	3	3	2	3	4	3	3	3	4	3	2	2	3	3	3	4	2	1.1	0
557	57	156	0	1	1	1	1	1	1	2	1	1	1	2	1	1	1	1	2	1	1	1	1	1	3	3	3	4	4	3	3	3	3	3	3	3	2	2	2	2	2	2	2	2	3	3	3	3	3	4	3	3	3	4	3	3	2	3	4	4	4	3	1.1	0
558	43	22	0	1	2	2	2	2	3	2	3	4	2	2	3	2	2	1	2	2	2	2	2	2	2	3	2	4	4	3	3	3	2	3	2	3	1	2	2	2	2	2	2	2	2	3	3	2	3	4	3	3	3	4	3	2	2	3	3	3	4	2	1.1	0
559	43	20	0	1	1	3	2	3	3	2	3	4	2	2	3	3	2	1	3	2	3	2	2	3	3	3	3	4	4	3	3	3	3	3	3	3	2	2	2	2	2	2	2	2	3	3	3	3	3	4	3	3	3	4	3	3	2	3	4	4	4	3	1.1	0
562	71	204	0	1	1	1	2	1	1	1	2	4	1	2	1	1	1	1	3	1	1	1	1	1	1	3	1	1	1	1	1	1	1	1	3	3	2	2	2	2	2	2	2	2	3	3	3	3	3	4	3	3	3	4	3	3	2	3	4	4	4	3	1.1	0
564	100	457	1	1	2	2	3	2	3	1	4	5	3	3	3	2	1	1	1	1	2	3	2	1	2	3	1	4	4	2	2	4	1	2	4	4	2	5	5	5	3	3	2	2	2	3	3	4	4	5	5	2	3	2	1	1	3	2	3	5	3	3	1.1	0
565	100	416	1	1	2	2	2	3	3	2	2	3	2	3	2	3	3	1	3	3	2	3	2	2	2	3	3	3	3	2	1	2	2	2	3	2	1	1	2	2	2	1	2	2	2	3	3	2	2	3	3	2	3	3	2	2	2	2	3	3	3	2	1.1	0
566	100	199	1	1	2	2	2	3	3	2	3	3	3	4	3	2	4	2	3	3	3	4	3	3	2	2	2	2	2	2	4	2	1	3	3	2	1	1	1	1	1	1	2	1	5	1	2	2	4	5	2	2	4	4	3	1	2	3	5	5	5	1	1.1	0
575	100	292	1	1	1	3	3	4	3	3	3	3	2	3	3	3	2	2	2	3	3	1	2	3	2	3	3	3	3	3	2	3	2	3	2	3	2	3	2	3	1	2	2	3	2	2	3	3	3	4	3	3	3	4	4	3	3	3	4	4	3	3	1.1	0
576	100	374	1	1	2	4	3	3	3	3	4	4	3	3	3	3	4	3	3	3	3	5	3	3	2	2	2	2	2	2	3	2	2	3	3	2	2	2	2	3	1	2	3	3	3	2	3	3	3	5	4	3	3	5	3	3	3	3	4	4	3	3	1.1	0
577	100	442	1	1	2	1	2	3	3	2	2	3	4	2	3	1	1	1	3	2	1	1	2	2	4	4	3	3	4	4	2	4	3	3	2	4	2	2	1	1	2	1	2	1	2	2	3	2	3	4	3	2	3	4	3	1	2	3	4	3	4	2	1.1	0
580	100	216	1	1	1	2	3	2	3	3	5	5	3	2	2	2	5	4	5	4	3	2	3	3	5	4	4	5	4	4	5	4	5	3	4	4	4	4	5	3	1	2	3	2	2	3	5	4	3	4	2	3	3	4	2	3	3	1	4	4	4	3	1.1	0
582	100	1026	1	1	2	1	2	2	2	2	2	2	1	3	2	3	3	1	4	3	2	2	2	2	3	3	2	2	4	3	2	1	2	2	3	1	1	2	1	3	3	2	2	3	3	3	2	2	3	4	4	3	3	3	3	2	2	3	3	3	3	3	1.1	0
583	43	30	0	1	1	3	2	3	3	2	3	4	2	2	3	3	2	1	3	2	3	2	2	3	3	3	3	4	4	3	3	3	3	3	3	3	2	2	2	2	2	2	2	2	3	3	3	3	3	4	3	3	3	4	3	3	2	3	4	4	4	3	1.1	0
584	100	258	1	1	1	2	2	3	3	2	2	4	3	4	4	4	3	2	3	2	2	2	3	3	4	2	2	4	5	3	3	3	3	2	2	3	2	2	2	2	2	2	4	2	4	3	3	4	4	4	3	4	3	3	4	3	3	4	4	4	4	3	1.1	0
585	43	26	0	2	2	2	2	2	2	2	2	3	2	3	2	3	2	2	3	3	2	2	2	3	3	4	3	4	4	3	3	2	2	3	2	3	2	2	2	2	2	2	2	2	3	3	2	3	3	3	2	3	3	4	3	2	2	3	4	4	3	2	1.1	0
586	57	4046	0	1	2	2	2	2	3	2	2	3	3	3	3	3	2	2	3	3	3	2	2	2	2	3	2	4	4	3	3	3	2	3	2	3	1	2	2	2	2	2	2	2	2	3	3	2	3	4	3	3	3	4	3	2	2	3	3	3	4	2	1.1	0
591	71	86	0	1	2	4	5	5	5	5	1	5	5	5	5	5	5	5	5	5	5	5	5	5	5	5	4	5	5	5	5	5	5	5	5	5	1	2	2	2	2	2	2	2	2	3	3	2	3	4	3	3	3	4	3	2	2	3	3	3	4	2	1.1	0
596	57	181	0	1	1	1	1	2	2	1	1	2	1	2	1	1	1	1	2	1	1	1	1	2	3	3	3	4	4	3	3	3	3	3	3	3	2	2	2	2	2	2	2	2	3	3	3	3	3	4	3	3	3	4	3	3	2	3	4	4	4	3	1.1	0
597	57	118	0	2	2	2	3	2	2	2	2	2	2	1	1	1	1	1	2	1	2	3	2	1	3	4	3	4	4	3	3	2	2	3	2	3	2	2	2	2	2	2	2	2	3	3	2	3	3	3	2	3	3	4	3	2	2	3	4	4	3	2	1.1	0
598	100	148	1	1	2	3	3	3	3	3	3	4	2	2	3	2	2	2	3	2	2	1	3	3	3	4	2	4	4	3	2	4	3	4	4	4	1	1	1	1	3	1	1	1	2	4	3	3	3	4	4	4	3	5	4	5	4	4	5	5	5	3	1.1	0
599	43	14	0	2	2	2	2	2	2	2	2	3	2	3	2	3	2	2	3	3	2	2	2	3	3	4	3	4	4	3	3	2	2	3	2	3	2	2	2	2	2	2	2	2	3	3	2	3	3	3	2	3	3	4	3	2	2	3	4	4	3	2	1.1	0
601	100	391	1	1	1	3	1	1	1	1	4	5	1	1	2	1	1	1	3	1	1	1	2	1	1	5	3	3	3	3	5	3	4	3	1	3	1	1	1	3	1	1	2	2	5	4	3	1	2	3	4	1	2	2	3	1	2	1	1	3	3	2	1.1	0
602	43	19	0	1	2	2	2	2	3	2	3	4	2	2	3	2	2	1	2	2	2	2	2	2	2	3	2	4	4	3	3	3	2	3	2	3	1	2	2	2	2	2	2	2	2	3	3	2	3	4	3	3	3	4	3	2	2	3	3	3	4	2	1.1	0
607	43	87136	0	1	2	2	2	2	3	2	3	4	2	2	3	2	2	1	2	2	2	2	2	2	2	3	2	4	4	3	3	3	2	3	2	3	1	2	2	2	2	2	2	2	2	3	3	2	3	4	3	3	3	4	3	2	2	3	3	3	4	2	1.1	0
608	43	15	0	1	2	2	2	2	3	2	3	4	2	2	3	2	2	1	2	2	2	2	2	2	2	3	2	4	4	3	3	3	2	3	2	3	1	2	2	2	2	2	2	2	2	3	3	2	3	4	3	3	3	4	3	2	2	3	3	3	4	2	1.1	0
609	100	391	1	1	1	2	3	2	3	3	3	4	1	3	2	3	2	1	3	3	3	2	3	2	3	3	3	3	3	3	2	3	3	3	3	3	2	2	2	1	3	2	3	2	2	3	3	3	2	3	2	2	3	3	2	3	2	3	2	2	3	2	1.1	0
610	100	384	1	1	2	1	2	1	1	1	2	4	1	2	2	1	2	1	1	1	1	3	1	1	2	1	1	1	2	1	2	1	1	3	3	2	1	1	1	1	1	1	1	1	2	3	1	1	2	4	1	4	3	5	4	2	1	3	5	5	5	1	1.1	0
612	100	494	1	1	1	2	3	3	4	3	4	4	3	5	3	4	3	2	3	3	3	3	2	4	4	4	4	4	4	4	3	4	4	3	3	4	2	3	3	3	3	3	3	2	2	3	3	3	3	4	4	3	4	4	3	3	3	3	4	3	4	3	1.1	0
613	100	165	1	1	1	1	1	1	2	1	2	2	2	1	2	2	1	1	1	1	1	1	2	2	2	2	3	2	1	2	1	2	1	2	1	1	1	1	1	1	2	1	1	1	3	2	2	2	1	3	2	1	2	3	2	1	1	1	2	5	4	2	1.1	0
615	100	186	1	1	1	2	2	1	1	2	2	2	1	1	2	1	1	1	2	2	2	1	1	1	1	1	1	2	3	2	1	2	1	1	1	1	1	1	1	2	2	1	1	1	1	2	1	2	2	1	2	1	2	1	1	2	2	2	1	5	1	2	1.1	0
618	100	395	1	1	1	3	2	3	3	2	3	4	2	3	3	2	2	1	3	2	2	1	2	2	2	3	2	3	4	3	3	3	2	2	2	2	3	3	3	3	3	2	3	3	1	3	3	2	3	3	3	3	3	3	3	3	3	3	4	5	5	3	1.1	0
620	100	1205	1	1	1	3	3	3	3	4	4	4	3	4	3	3	4	2	3	3	3	2	3	3	4	4	4	4	4	4	4	4	3	3	4	3	3	3	2	3	3	2	3	3	5	3	3	4	4	4	4	4	4	5	4	3	3	4	5	5	5	2	1.1	0
621	100	246	1	1	1	3	3	4	3	3	3	3	3	3	3	2	2	2	3	3	2	2	3	3	4	4	4	5	4	4	2	4	3	3	3	4	1	2	2	2	3	2	2	2	3	2	4	3	3	4	3	3	3	4	3	3	3	3	4	3	4	3	1.1	0
622	100	192	1	1	1	1	1	1	1	1	1	1	1	1	1	1	1	1	1	1	1	1	1	1	1	1	1	1	4	3	3	3	1	1	1	1	1	1	1	1	1	1	1	2	4	1	1	1	1	1	1	1	1	1	1	1	1	1	4	4	1	1	1.1	0
624	100	238	1	1	1	1	1	1	1	1	3	3	1	2	2	2	1	1	3	2	3	1	1	1	2	3	3	3	3	3	3	3	3	3	3	3	3	3	3	3	2	1	3	3	1	1	1	2	2	3	3	3	1	1	1	1	1	3	3	5	5	3	1.1	0
625	100	195	1	1	1	3	3	3	3	3	3	3	3	3	3	3	3	3	3	3	3	3	3	3	3	2	2	2	1	1	1	1	3	3	3	3	1	2	1	1	3	1	2	1	3	3	3	3	3	3	2	2	2	2	2	3	3	3	3	3	3	3	1.1	0
627	100	226	1	2	1	1	1	1	1	1	2	2	1	1	1	1	1	1	1	1	1	1	1	1	2	2	2	2	2	1	1	1	1	1	2	1	1	1	1	1	2	1	1	1	1	1	1	1	1	1	1	1	1	1	1	1	1	1	3	3	3	2	1.1	0
628	100	294	1	1	1	4	4	4	4	4	4	3	4	4	4	5	3	3	3	3	3	3	4	3	4	4	4	4	4	4	3	4	4	4	4	4	4	4	4	3	5	4	4	4	5	4	4	3	3	4	3	4	4	4	3	3	4	3	4	5	5	4	1.1	0
629	100	294	1	1	1	3	2	3	2	2	3	4	2	2	2	2	1	1	2	2	2	2	2	2	2	2	3	4	4	4	3	3	3	2	2	2	1	1	1	1	1	1	1	1	1	1	1	1	1	2	2	2	2	2	1	2	2	2	2	2	2	2	1.1	0
633	100	572	1	1	1	3	3	3	3	3	3	4	3	3	3	3	3	2	3	3	3	3	3	3	3	3	3	3	3	3	4	3	3	3	4	3	4	4	4	4	3	3	4	3	3	3	3	3	3	4	4	3	3	4	3	3	3	3	4	4	4	3	1.1	0
635	43	25	0	1	1	3	2	3	3	2	3	4	2	2	3	3	2	1	3	2	3	2	2	3	3	3	3	4	4	3	3	3	3	3	3	3	2	2	2	2	2	2	2	2	3	3	3	3	3	4	3	3	3	4	3	3	2	3	4	4	4	3	1.1	0
636	43	9	0	1	1	3	2	3	3	2	3	4	2	2	3	3	2	1	3	2	3	2	2	3	3	3	3	4	4	3	3	3	3	3	3	3	2	2	2	2	2	2	2	2	3	3	3	3	3	4	3	3	3	4	3	3	2	3	4	4	4	3	1.1	0
638	43	53	0	1	1	3	2	3	3	2	3	4	2	2	3	3	2	1	3	2	3	2	2	3	3	3	3	4	4	3	3	3	3	3	3	3	2	2	2	2	2	2	2	2	3	3	3	3	3	4	3	3	3	4	3	3	2	3	4	4	4	3	1.1	0
639	43	6	0	1	1	3	2	3	3	2	3	4	2	2	3	3	2	1	3	2	3	2	2	3	3	3	3	4	4	3	3	3	3	3	3	3	2	2	2	2	2	2	2	2	3	3	3	3	3	4	3	3	3	4	3	3	2	3	4	4	4	3	1.1	0
640	43	76	0	1	1	3	2	3	3	2	3	4	2	2	3	3	2	1	3	2	3	2	2	3	3	3	3	4	4	3	3	3	3	3	3	3	2	2	2	2	2	2	2	2	3	3	3	3	3	4	3	3	3	4	3	3	2	3	4	4	4	3	1.1	0
642	43	15	0	1	1	3	2	3	3	2	3	4	2	2	3	3	2	1	3	2	3	2	2	3	3	3	3	4	4	3	3	3	3	3	3	3	2	2	2	2	2	2	2	2	3	3	3	3	3	4	3	3	3	4	3	3	2	3	4	4	4	3	1.1	0
643	43	9	0	1	1	3	2	3	3	2	3	4	2	2	3	3	2	1	3	2	3	2	2	3	3	3	3	4	4	3	3	3	3	3	3	3	2	2	2	2	2	2	2	2	3	3	3	3	3	4	3	3	3	4	3	3	2	3	4	4	4	3	1.1	0
644	43	42	0	1	2	2	2	2	3	2	3	4	2	2	3	2	2	1	2	2	2	2	2	2	2	3	2	4	4	3	3	3	2	3	2	3	1	2	2	2	2	2	2	2	2	3	3	2	3	4	3	3	3	4	3	2	2	3	3	3	4	2	1.1	0
645	86	39	0	1	2	2	2	2	3	2	3	4	2	2	3	2	2	1	2	2	2	2	2	2	2	3	2	4	4	3	3	3	2	3	2	3	1	2	2	2	2	2	2	2	2	3	3	2	3	4	3	3	3	4	3	2	2	3	3	3	4	2	1.1	0
649	71	55745	0	1	1	4	3	3	3	3	2	3	2	3	3	2	3	3	3	2	2	3	3	3	3	4	4	4	3	3	3	3	3	2	3	3	2	2	2	2	2	2	2	2	3	3	3	3	3	4	3	3	3	4	3	3	2	3	4	4	4	3	1.1	0
653	43	17	0	1	2	2	2	2	3	2	3	4	2	2	3	2	2	1	2	2	2	2	2	2	2	3	2	4	4	3	3	3	2	3	2	3	1	2	2	2	2	2	2	2	2	3	3	2	3	4	3	3	3	4	3	2	2	3	3	3	4	2	1.1	0
654	43	25	0	1	1	3	2	3	3	2	3	4	2	2	3	3	2	1	3	2	3	2	2	3	3	3	3	4	4	3	3	3	3	3	3	3	2	2	2	2	2	2	2	2	3	3	3	3	3	4	3	3	3	4	3	3	2	3	4	4	4	3	1.1	0
